Adaboost with Breast Cancer Dataset

Optimal Number of Estimators: 35Grid Scores:

{'mean_fit_time': array([0.00173638, 0.00344429, 0.00460434, 0.00612302, 0.00794804,
       0.01040537, 0.01195085, 0.01343844, 0.01500275, 0.01689038,
       0.01796939, 0.0184864 , 0.01951096, 0.02233605, 0.02240152,
       0.02383294, 0.02532403, 0.02703238, 0.02831059, 0.02976775,
       0.03169444, 0.03274739, 0.0345505 , 0.03553491, 0.03981709,
       0.04354079, 0.04502761, 0.04679973, 0.04679954, 0.04757223,
       0.04976058, 0.0502929 , 0.0508599 , 0.05458   , 0.05461695,
       0.05789633, 0.05637968, 0.05981927, 0.06475019, 0.06555274,
       0.06270001, 0.06355   , 0.06423447, 0.06619964, 0.06912346,
       0.07403662, 0.07552886, 0.07740228, 0.07329502, 0.07600727,
       0.07798736, 0.08285899, 0.08353691, 0.08673358, 0.08501999,
       0.08612096, 0.08541367, 0.08721731, 0.08812482, 0.08985083,
       0.09126351, 0.09361417, 0.09516022, 0.10321348, 0.10464113,
       0.10729721, 0.10379107, 0.10385368, 0.10902858, 0.11488509,
       0.11680329, 0.11560657, 0.11825206, 0.11800489, 0.11263106,
       0.11994739, 0.12459626, 0.12149272, 0.12436285, 0.12138045,
       0.12250073, 0.12452211, 0.12586725, 0.13082891, 0.1375716 ,
       0.14070499, 0.13433163, 0.13236341, 0.13669403, 0.14719999,
       0.14661443, 0.14656334, 0.14853652, 0.14215782, 0.14832497,
       0.14574213, 0.14968114, 0.14587617, 0.15614181]), 'std_fit_time': array([1.72563094e-04, 5.18014875e-04, 2.70081004e-05, 9.81220229e-05,
       4.59312774e-04, 7.19693358e-04, 6.30556694e-04, 2.21283024e-04,
       9.19745227e-04, 7.83130994e-04, 8.34025781e-04, 7.02441418e-04,
       1.69261893e-04, 1.44366120e-03, 3.47769746e-04, 6.22004053e-05,
       8.21425915e-05, 4.87237554e-04, 5.46440404e-05, 7.46699433e-05,
       3.93019320e-04, 2.60338727e-04, 7.71728908e-04, 1.17432020e-04,
       2.00956408e-03, 1.59667177e-03, 1.85920392e-03, 1.22546626e-03,
       2.21552975e-03, 2.94584840e-03, 1.04872614e-03, 2.38770436e-03,
       1.80533534e-03, 1.96254744e-03, 1.03343194e-03, 1.70680798e-03,
       1.81261646e-03, 2.95048682e-03, 1.49496099e-03, 2.41176887e-03,
       2.11334552e-03, 1.31429715e-03, 5.79690861e-04, 1.37067887e-03,
       3.11515900e-03, 1.83235215e-03, 2.10929603e-03, 1.59501772e-03,
       9.23778530e-04, 1.66042355e-03, 1.62183926e-03, 4.34429198e-03,
       2.68391341e-03, 1.23418699e-03, 2.36487111e-03, 2.51795190e-03,
       5.92259003e-04, 1.24442744e-03, 7.35297556e-04, 4.20355202e-04,
       8.10815581e-04, 1.21102212e-03, 1.32517984e-03, 2.40197684e-03,
       2.00173438e-03, 2.19371880e-03, 3.97576583e-03, 1.73779838e-03,
       4.81278100e-03, 2.59799590e-03, 2.24505166e-03, 3.80509136e-03,
       3.44616977e-03, 4.34728824e-03, 1.12355153e-03, 3.45835820e-03,
       4.13703813e-03, 4.46792570e-03, 3.56330255e-03, 2.49337607e-03,
       2.42858598e-03, 1.43382239e-03, 2.54377659e-03, 3.72106479e-03,
       2.70011427e-03, 3.49782764e-03, 5.04622119e-03, 1.81721509e-03,
       4.62055384e-03, 5.43799707e-03, 6.04854842e-03, 4.78267182e-03,
       2.67501313e-03, 3.35074233e-03, 4.55776793e-03, 4.48902118e-03,
       4.92372960e-03, 5.12660522e-04, 6.71326076e-03]), 'mean_score_time': array([0.00038149, 0.00051906, 0.00058808, 0.00069411, 0.00093148,
       0.00104582, 0.00120571, 0.00134802, 0.00141201, 0.00155163,
       0.00162847, 0.00160856, 0.00164332, 0.00180809, 0.00184135,
       0.00194993, 0.00203211, 0.00215795, 0.00223887, 0.00234861,
       0.0025224 , 0.00256276, 0.00266461, 0.00275104, 0.0032181 ,
       0.00327971, 0.00357733, 0.00357242, 0.00367386, 0.00357687,
       0.00396466, 0.00398676, 0.00380905, 0.00399003, 0.00430529,
       0.00420074, 0.00414288, 0.00449181, 0.00465782, 0.00497377,
       0.00453689, 0.00460985, 0.00469537, 0.00488403, 0.00523891,
       0.0054729 , 0.00556846, 0.0056473 , 0.00555615, 0.00549831,
       0.0056848 , 0.00603805, 0.00626915, 0.00649576, 0.00621066,
       0.00622008, 0.00618258, 0.00655904, 0.00634735, 0.00650222,
       0.00663705, 0.00678642, 0.00678759, 0.007213  , 0.00746434,
       0.0078912 , 0.00767834, 0.00736241, 0.00790992, 0.0081645 ,
       0.00849819, 0.00829782, 0.00847108, 0.0081707 , 0.00802629,
       0.00881541, 0.00907178, 0.00857975, 0.0085799 , 0.00870585,
       0.00874383, 0.00913162, 0.00887887, 0.00965776, 0.00985222,
       0.0102303 , 0.00944161, 0.00945458, 0.00973585, 0.01059754,
       0.01027524, 0.01039276, 0.01031981, 0.01006143, 0.01055696,
       0.01030447, 0.0107034 , 0.01034307, 0.01092637]), 'std_score_time': array([3.23388152e-05, 5.44780401e-05, 6.87886150e-06, 1.01265046e-05,
       2.31678179e-04, 1.52255577e-04, 1.79999852e-04, 2.05348858e-04,
       2.24044749e-04, 2.21453002e-04, 1.92045923e-04, 9.15498038e-05,
       1.77880713e-05, 6.16813378e-05, 1.81407556e-05, 2.42927825e-05,
       1.18463328e-05, 4.39622720e-05, 1.99065236e-05, 3.50447414e-05,
       8.00007885e-05, 7.57486256e-05, 6.61720276e-05, 3.71628799e-05,
       3.46702639e-04, 3.47216344e-04, 4.94726942e-04, 3.71101115e-04,
       5.23055382e-04, 4.40193666e-04, 4.78412244e-04, 6.51665914e-04,
       1.14589835e-04, 2.08392192e-04, 3.99686588e-04, 1.57825709e-04,
       1.61208949e-04, 4.48125475e-04, 2.36554441e-04, 6.17545260e-04,
       6.32900923e-05, 2.73233205e-05, 3.38386104e-05, 1.85950213e-04,
       5.86043229e-04, 5.76049256e-04, 5.73895557e-04, 5.16820381e-04,
       7.24891871e-04, 1.15111897e-04, 1.69058302e-04, 5.39668416e-04,
       6.01412225e-04, 8.22793825e-04, 3.63916799e-04, 5.29078423e-04,
       1.20025425e-04, 6.21703600e-04, 9.86703319e-05, 1.33139520e-04,
       1.54328875e-04, 2.28093201e-04, 1.08351988e-04, 2.52934882e-04,
       6.13603090e-04, 4.34936624e-04, 1.37368666e-03, 1.26560155e-04,
       5.86238448e-04, 4.42050411e-04, 7.64324979e-04, 6.30377670e-04,
       4.77221942e-04, 3.12761690e-04, 1.72986737e-04, 8.06034623e-04,
       1.01078750e-03, 3.97549286e-04, 2.18127125e-04, 5.11060744e-04,
       3.95692421e-04, 7.25312798e-04, 1.66674268e-04, 9.04605881e-04,
       6.02428542e-04, 1.19460373e-03, 3.51028654e-04, 2.51892477e-04,
       4.80073869e-04, 6.56788594e-04, 5.04751032e-04, 5.41946756e-04,
       3.29335415e-04, 1.81005025e-04, 4.43776507e-04, 3.77413274e-04,
       7.21878954e-04, 9.56664167e-05, 3.76654140e-04]), 'param_n_estimators': masked_array(data=[1, 2, 3, 4, 5, 6, 7, 8, 9, 10, 11, 12, 13, 14, 15, 16,
                   17, 18, 19, 20, 21, 22, 23, 24, 25, 26, 27, 28, 29, 30,
                   31, 32, 33, 34, 35, 36, 37, 38, 39, 40, 41, 42, 43, 44,
                   45, 46, 47, 48, 49, 50, 51, 52, 53, 54, 55, 56, 57, 58,
                   59, 60, 61, 62, 63, 64, 65, 66, 67, 68, 69, 70, 71, 72,
                   73, 74, 75, 76, 77, 78, 79, 80, 81, 82, 83, 84, 85, 86,
                   87, 88, 89, 90, 91, 92, 93, 94, 95, 96, 97, 98, 99],
             mask=[False, False, False, False, False, False, False, False,
                   False, False, False, False, False, False, False, False,
                   False, False, False, False, False, False, False, False,
                   False, False, False, False, False, False, False, False,
                   False, False, False, False, False, False, False, False,
                   False, False, False, False, False, False, False, False,
                   False, False, False, False, False, False, False, False,
                   False, False, False, False, False, False, False, False,
                   False, False, False, False, False, False, False, False,
                   False, False, False, False, False, False, False, False,
                   False, False, False, False, False, False, False, False,
                   False, False, False, False, False, False, False, False,
                   False, False, False],
       fill_value='?',
            dtype=object), 'params': [{'n_estimators': 1}, {'n_estimators': 2}, {'n_estimators': 3}, {'n_estimators': 4}, {'n_estimators': 5}, {'n_estimators': 6}, {'n_estimators': 7}, {'n_estimators': 8}, {'n_estimators': 9}, {'n_estimators': 10}, {'n_estimators': 11}, {'n_estimators': 12}, {'n_estimators': 13}, {'n_estimators': 14}, {'n_estimators': 15}, {'n_estimators': 16}, {'n_estimators': 17}, {'n_estimators': 18}, {'n_estimators': 19}, {'n_estimators': 20}, {'n_estimators': 21}, {'n_estimators': 22}, {'n_estimators': 23}, {'n_estimators': 24}, {'n_estimators': 25}, {'n_estimators': 26}, {'n_estimators': 27}, {'n_estimators': 28}, {'n_estimators': 29}, {'n_estimators': 30}, {'n_estimators': 31}, {'n_estimators': 32}, {'n_estimators': 33}, {'n_estimators': 34}, {'n_estimators': 35}, {'n_estimators': 36}, {'n_estimators': 37}, {'n_estimators': 38}, {'n_estimators': 39}, {'n_estimators': 40}, {'n_estimators': 41}, {'n_estimators': 42}, {'n_estimators': 43}, {'n_estimators': 44}, {'n_estimators': 45}, {'n_estimators': 46}, {'n_estimators': 47}, {'n_estimators': 48}, {'n_estimators': 49}, {'n_estimators': 50}, {'n_estimators': 51}, {'n_estimators': 52}, {'n_estimators': 53}, {'n_estimators': 54}, {'n_estimators': 55}, {'n_estimators': 56}, {'n_estimators': 57}, {'n_estimators': 58}, {'n_estimators': 59}, {'n_estimators': 60}, {'n_estimators': 61}, {'n_estimators': 62}, {'n_estimators': 63}, {'n_estimators': 64}, {'n_estimators': 65}, {'n_estimators': 66}, {'n_estimators': 67}, {'n_estimators': 68}, {'n_estimators': 69}, {'n_estimators': 70}, {'n_estimators': 71}, {'n_estimators': 72}, {'n_estimators': 73}, {'n_estimators': 74}, {'n_estimators': 75}, {'n_estimators': 76}, {'n_estimators': 77}, {'n_estimators': 78}, {'n_estimators': 79}, {'n_estimators': 80}, {'n_estimators': 81}, {'n_estimators': 82}, {'n_estimators': 83}, {'n_estimators': 84}, {'n_estimators': 85}, {'n_estimators': 86}, {'n_estimators': 87}, {'n_estimators': 88}, {'n_estimators': 89}, {'n_estimators': 90}, {'n_estimators': 91}, {'n_estimators': 92}, {'n_estimators': 93}, {'n_estimators': 94}, {'n_estimators': 95}, {'n_estimators': 96}, {'n_estimators': 97}, {'n_estimators': 98}, {'n_estimators': 99}], 'split0_test_score': array([0.93406593, 0.93406593, 0.93406593, 0.94505495, 0.93406593,
       0.93406593, 0.93406593, 0.93406593, 0.93406593, 0.93406593,
       0.92307692, 0.92307692, 0.92307692, 0.92307692, 0.91208791,
       0.91208791, 0.92307692, 0.91208791, 0.93406593, 0.92307692,
       0.92307692, 0.92307692, 0.93406593, 0.92307692, 0.92307692,
       0.92307692, 0.92307692, 0.92307692, 0.92307692, 0.92307692,
       0.92307692, 0.92307692, 0.92307692, 0.92307692, 0.92307692,
       0.91208791, 0.92307692, 0.92307692, 0.92307692, 0.92307692,
       0.91208791, 0.92307692, 0.93406593, 0.92307692, 0.93406593,
       0.93406593, 0.93406593, 0.93406593, 0.92307692, 0.92307692,
       0.92307692, 0.92307692, 0.92307692, 0.92307692, 0.92307692,
       0.92307692, 0.93406593, 0.92307692, 0.92307692, 0.92307692,
       0.92307692, 0.92307692, 0.92307692, 0.91208791, 0.92307692,
       0.91208791, 0.92307692, 0.91208791, 0.92307692, 0.92307692,
       0.92307692, 0.92307692, 0.92307692, 0.92307692, 0.92307692,
       0.92307692, 0.92307692, 0.92307692, 0.92307692, 0.92307692,
       0.92307692, 0.92307692, 0.92307692, 0.92307692, 0.92307692,
       0.92307692, 0.92307692, 0.92307692, 0.92307692, 0.92307692,
       0.92307692, 0.92307692, 0.92307692, 0.92307692, 0.92307692,
       0.92307692, 0.92307692, 0.92307692, 0.92307692]), 'split1_test_score': array([0.92307692, 0.92307692, 0.92307692, 0.92307692, 0.95604396,
       0.95604396, 0.94505495, 0.94505495, 0.94505495, 0.92307692,
       0.92307692, 0.94505495, 0.94505495, 0.94505495, 0.95604396,
       0.94505495, 0.95604396, 0.94505495, 0.96703297, 0.95604396,
       0.96703297, 0.96703297, 0.95604396, 0.96703297, 0.95604396,
       0.96703297, 0.97802198, 0.97802198, 0.96703297, 0.97802198,
       0.97802198, 0.97802198, 0.97802198, 0.97802198, 0.98901099,
       0.97802198, 0.97802198, 0.97802198, 0.97802198, 0.97802198,
       0.96703297, 0.97802198, 0.97802198, 0.97802198, 0.98901099,
       0.97802198, 0.98901099, 0.98901099, 0.97802198, 0.97802198,
       0.97802198, 0.97802198, 0.97802198, 0.97802198, 0.97802198,
       0.98901099, 0.98901099, 0.98901099, 0.98901099, 0.98901099,
       0.98901099, 0.98901099, 0.97802198, 0.98901099, 0.98901099,
       0.98901099, 0.98901099, 0.98901099, 0.98901099, 0.97802198,
       0.97802198, 0.97802198, 0.97802198, 0.97802198, 0.97802198,
       0.97802198, 0.97802198, 0.97802198, 0.97802198, 0.97802198,
       0.97802198, 0.97802198, 0.97802198, 0.97802198, 0.98901099,
       0.97802198, 0.97802198, 0.97802198, 0.97802198, 0.98901099,
       0.98901099, 0.98901099, 0.98901099, 0.98901099, 0.97802198,
       0.97802198, 0.97802198, 0.97802198, 0.98901099]), 'split2_test_score': array([0.93406593, 0.9010989 , 0.95604396, 0.95604396, 0.95604396,
       0.94505495, 0.95604396, 0.94505495, 0.94505495, 0.95604396,
       0.97802198, 0.97802198, 0.96703297, 0.96703297, 0.97802198,
       0.97802198, 0.96703297, 0.97802198, 0.97802198, 0.96703297,
       0.97802198, 0.97802198, 0.97802198, 0.96703297, 0.96703297,
       0.97802198, 0.96703297, 0.97802198, 0.97802198, 0.97802198,
       0.96703297, 0.97802198, 0.97802198, 0.97802198, 0.97802198,
       0.97802198, 0.97802198, 0.97802198, 0.96703297, 0.97802198,
       0.97802198, 0.97802198, 0.97802198, 0.97802198, 0.96703297,
       0.96703297, 0.96703297, 0.96703297, 0.96703297, 0.96703297,
       0.95604396, 0.95604396, 0.95604396, 0.96703297, 0.96703297,
       0.96703297, 0.96703297, 0.96703297, 0.96703297, 0.96703297,
       0.96703297, 0.96703297, 0.96703297, 0.96703297, 0.96703297,
       0.95604396, 0.95604396, 0.95604396, 0.95604396, 0.95604396,
       0.95604396, 0.95604396, 0.95604396, 0.94505495, 0.95604396,
       0.95604396, 0.95604396, 0.95604396, 0.95604396, 0.95604396,
       0.95604396, 0.95604396, 0.95604396, 0.95604396, 0.95604396,
       0.95604396, 0.95604396, 0.95604396, 0.95604396, 0.95604396,
       0.95604396, 0.95604396, 0.95604396, 0.95604396, 0.95604396,
       0.95604396, 0.95604396, 0.95604396, 0.95604396]), 'split3_test_score': array([0.93406593, 0.93406593, 0.93406593, 0.89010989, 0.9010989 ,
       0.9010989 , 0.93406593, 0.93406593, 0.93406593, 0.93406593,
       0.93406593, 0.93406593, 0.92307692, 0.93406593, 0.92307692,
       0.92307692, 0.92307692, 0.93406593, 0.94505495, 0.93406593,
       0.95604396, 0.94505495, 0.96703297, 0.96703297, 0.96703297,
       0.96703297, 0.96703297, 0.95604396, 0.96703297, 0.96703297,
       0.96703297, 0.96703297, 0.96703297, 0.96703297, 0.96703297,
       0.96703297, 0.96703297, 0.96703297, 0.96703297, 0.96703297,
       0.96703297, 0.96703297, 0.96703297, 0.96703297, 0.96703297,
       0.96703297, 0.96703297, 0.96703297, 0.96703297, 0.96703297,
       0.96703297, 0.96703297, 0.96703297, 0.96703297, 0.96703297,
       0.96703297, 0.96703297, 0.96703297, 0.96703297, 0.96703297,
       0.96703297, 0.96703297, 0.96703297, 0.96703297, 0.96703297,
       0.96703297, 0.96703297, 0.96703297, 0.96703297, 0.96703297,
       0.96703297, 0.96703297, 0.96703297, 0.96703297, 0.96703297,
       0.96703297, 0.96703297, 0.96703297, 0.96703297, 0.96703297,
       0.96703297, 0.96703297, 0.96703297, 0.96703297, 0.96703297,
       0.96703297, 0.96703297, 0.96703297, 0.96703297, 0.96703297,
       0.96703297, 0.96703297, 0.96703297, 0.96703297, 0.96703297,
       0.96703297, 0.96703297, 0.96703297, 0.96703297]), 'split4_test_score': array([0.93406593, 0.93406593, 0.93406593, 0.93406593, 0.94505495,
       0.94505495, 0.95604396, 0.94505495, 0.95604396, 0.94505495,
       0.94505495, 0.94505495, 0.94505495, 0.94505495, 0.96703297,
       0.96703297, 0.97802198, 0.96703297, 0.95604396, 0.96703297,
       0.96703297, 0.96703297, 0.96703297, 0.96703297, 0.96703297,
       0.96703297, 0.95604396, 0.95604396, 0.95604396, 0.95604396,
       0.95604396, 0.95604396, 0.95604396, 0.95604396, 0.95604396,
       0.95604396, 0.95604396, 0.96703297, 0.95604396, 0.96703297,
       0.96703297, 0.96703297, 0.96703297, 0.96703297, 0.95604396,
       0.96703297, 0.94505495, 0.95604396, 0.96703297, 0.96703297,
       0.97802198, 0.96703297, 0.96703297, 0.96703297, 0.96703297,
       0.96703297, 0.96703297, 0.96703297, 0.96703297, 0.96703297,
       0.96703297, 0.96703297, 0.96703297, 0.96703297, 0.96703297,
       0.96703297, 0.96703297, 0.96703297, 0.97802198, 0.96703297,
       0.96703297, 0.96703297, 0.96703297, 0.96703297, 0.96703297,
       0.96703297, 0.96703297, 0.96703297, 0.97802198, 0.97802198,
       0.97802198, 0.96703297, 0.96703297, 0.95604396, 0.95604396,
       0.95604396, 0.95604396, 0.95604396, 0.95604396, 0.95604396,
       0.95604396, 0.95604396, 0.95604396, 0.95604396, 0.95604396,
       0.95604396, 0.95604396, 0.94505495, 0.95604396]), 'split5_test_score': array([0.9010989 , 0.9010989 , 0.9010989 , 0.9010989 , 0.89010989,
       0.91208791, 0.89010989, 0.89010989, 0.89010989, 0.9010989 ,
       0.91208791, 0.9010989 , 0.91208791, 0.89010989, 0.89010989,
       0.91208791, 0.91208791, 0.92307692, 0.92307692, 0.92307692,
       0.92307692, 0.92307692, 0.92307692, 0.91208791, 0.9010989 ,
       0.91208791, 0.92307692, 0.92307692, 0.92307692, 0.91208791,
       0.91208791, 0.91208791, 0.93406593, 0.93406593, 0.93406593,
       0.93406593, 0.93406593, 0.93406593, 0.93406593, 0.93406593,
       0.93406593, 0.93406593, 0.92307692, 0.92307692, 0.92307692,
       0.92307692, 0.92307692, 0.92307692, 0.92307692, 0.92307692,
       0.92307692, 0.93406593, 0.93406593, 0.93406593, 0.93406593,
       0.93406593, 0.93406593, 0.93406593, 0.93406593, 0.93406593,
       0.93406593, 0.93406593, 0.93406593, 0.93406593, 0.93406593,
       0.93406593, 0.93406593, 0.93406593, 0.93406593, 0.93406593,
       0.93406593, 0.93406593, 0.93406593, 0.93406593, 0.93406593,
       0.93406593, 0.93406593, 0.93406593, 0.93406593, 0.93406593,
       0.93406593, 0.93406593, 0.93406593, 0.93406593, 0.93406593,
       0.93406593, 0.93406593, 0.92307692, 0.92307692, 0.93406593,
       0.93406593, 0.93406593, 0.93406593, 0.93406593, 0.93406593,
       0.93406593, 0.93406593, 0.93406593, 0.92307692]), 'split6_test_score': array([0.92307692, 0.92307692, 0.92307692, 0.87912088, 0.87912088,
       0.87912088, 0.91208791, 0.91208791, 0.92307692, 0.93406593,
       0.92307692, 0.92307692, 0.92307692, 0.94505495, 0.92307692,
       0.93406593, 0.92307692, 0.92307692, 0.92307692, 0.93406593,
       0.93406593, 0.93406593, 0.93406593, 0.94505495, 0.93406593,
       0.92307692, 0.93406593, 0.93406593, 0.93406593, 0.92307692,
       0.93406593, 0.93406593, 0.94505495, 0.94505495, 0.94505495,
       0.93406593, 0.93406593, 0.93406593, 0.93406593, 0.93406593,
       0.93406593, 0.92307692, 0.93406593, 0.92307692, 0.93406593,
       0.92307692, 0.92307692, 0.92307692, 0.92307692, 0.92307692,
       0.92307692, 0.92307692, 0.91208791, 0.92307692, 0.91208791,
       0.92307692, 0.92307692, 0.92307692, 0.91208791, 0.92307692,
       0.92307692, 0.92307692, 0.92307692, 0.93406593, 0.92307692,
       0.93406593, 0.93406593, 0.92307692, 0.91208791, 0.91208791,
       0.92307692, 0.93406593, 0.93406593, 0.93406593, 0.93406593,
       0.93406593, 0.93406593, 0.93406593, 0.93406593, 0.93406593,
       0.92307692, 0.92307692, 0.92307692, 0.92307692, 0.92307692,
       0.92307692, 0.92307692, 0.92307692, 0.92307692, 0.92307692,
       0.92307692, 0.93406593, 0.92307692, 0.92307692, 0.92307692,
       0.92307692, 0.92307692, 0.92307692, 0.92307692]), 'split7_test_score': array([0.9010989 , 0.9010989 , 0.94505495, 0.94505495, 0.95604396,
       0.95604396, 0.95604396, 0.94505495, 0.94505495, 0.94505495,
       0.95604396, 0.95604396, 0.95604396, 0.95604396, 0.95604396,
       0.95604396, 0.95604396, 0.95604396, 0.95604396, 0.95604396,
       0.95604396, 0.95604396, 0.94505495, 0.95604396, 0.95604396,
       0.94505495, 0.94505495, 0.94505495, 0.94505495, 0.94505495,
       0.94505495, 0.94505495, 0.94505495, 0.94505495, 0.93406593,
       0.93406593, 0.93406593, 0.93406593, 0.93406593, 0.93406593,
       0.93406593, 0.93406593, 0.93406593, 0.93406593, 0.93406593,
       0.93406593, 0.93406593, 0.93406593, 0.94505495, 0.94505495,
       0.93406593, 0.93406593, 0.93406593, 0.93406593, 0.93406593,
       0.93406593, 0.93406593, 0.93406593, 0.93406593, 0.93406593,
       0.93406593, 0.93406593, 0.93406593, 0.93406593, 0.93406593,
       0.93406593, 0.93406593, 0.93406593, 0.93406593, 0.93406593,
       0.93406593, 0.93406593, 0.93406593, 0.93406593, 0.93406593,
       0.93406593, 0.93406593, 0.93406593, 0.93406593, 0.93406593,
       0.93406593, 0.93406593, 0.94505495, 0.93406593, 0.93406593,
       0.93406593, 0.93406593, 0.93406593, 0.93406593, 0.93406593,
       0.93406593, 0.93406593, 0.93406593, 0.93406593, 0.93406593,
       0.93406593, 0.93406593, 0.93406593, 0.93406593]), 'split8_test_score': array([0.9010989 , 0.9010989 , 0.9010989 , 0.92307692, 0.91208791,
       0.91208791, 0.93406593, 0.9010989 , 0.93406593, 0.92307692,
       0.92307692, 0.92307692, 0.92307692, 0.91208791, 0.91208791,
       0.91208791, 0.91208791, 0.92307692, 0.92307692, 0.91208791,
       0.92307692, 0.93406593, 0.93406593, 0.92307692, 0.92307692,
       0.93406593, 0.91208791, 0.92307692, 0.92307692, 0.92307692,
       0.92307692, 0.92307692, 0.92307692, 0.92307692, 0.93406593,
       0.94505495, 0.93406593, 0.92307692, 0.92307692, 0.92307692,
       0.92307692, 0.92307692, 0.92307692, 0.92307692, 0.92307692,
       0.92307692, 0.94505495, 0.94505495, 0.94505495, 0.93406593,
       0.93406593, 0.93406593, 0.94505495, 0.94505495, 0.94505495,
       0.94505495, 0.94505495, 0.93406593, 0.93406593, 0.93406593,
       0.93406593, 0.93406593, 0.93406593, 0.94505495, 0.94505495,
       0.94505495, 0.93406593, 0.93406593, 0.94505495, 0.94505495,
       0.94505495, 0.93406593, 0.93406593, 0.94505495, 0.94505495,
       0.94505495, 0.94505495, 0.94505495, 0.93406593, 0.94505495,
       0.94505495, 0.94505495, 0.94505495, 0.94505495, 0.94505495,
       0.94505495, 0.94505495, 0.94505495, 0.94505495, 0.94505495,
       0.94505495, 0.94505495, 0.94505495, 0.94505495, 0.94505495,
       0.94505495, 0.94505495, 0.94505495, 0.94505495]), 'split9_test_score': array([0.94505495, 0.94505495, 0.94505495, 0.92307692, 0.94505495,
       0.94505495, 0.91208791, 0.94505495, 0.91208791, 0.93406593,
       0.92307692, 0.93406593, 0.93406593, 0.93406593, 0.94505495,
       0.94505495, 0.94505495, 0.94505495, 0.93406593, 0.93406593,
       0.93406593, 0.93406593, 0.93406593, 0.93406593, 0.93406593,
       0.93406593, 0.93406593, 0.94505495, 0.93406593, 0.94505495,
       0.93406593, 0.94505495, 0.93406593, 0.93406593, 0.94505495,
       0.94505495, 0.94505495, 0.94505495, 0.94505495, 0.96703297,
       0.96703297, 0.96703297, 0.96703297, 0.96703297, 0.96703297,
       0.95604396, 0.95604396, 0.95604396, 0.95604396, 0.95604396,
       0.95604396, 0.94505495, 0.95604396, 0.95604396, 0.95604396,
       0.95604396, 0.94505495, 0.95604396, 0.95604396, 0.95604396,
       0.94505495, 0.95604396, 0.95604396, 0.94505495, 0.94505495,
       0.95604396, 0.94505495, 0.94505495, 0.94505495, 0.94505495,
       0.94505495, 0.94505495, 0.94505495, 0.94505495, 0.94505495,
       0.95604396, 0.95604396, 0.95604396, 0.94505495, 0.95604396,
       0.95604396, 0.95604396, 0.95604396, 0.95604396, 0.95604396,
       0.94505495, 0.95604396, 0.95604396, 0.95604396, 0.95604396,
       0.95604396, 0.95604396, 0.95604396, 0.95604396, 0.94505495,
       0.94505495, 0.95604396, 0.95604396, 0.95604396]), 'mean_test_score': array([0.92307692, 0.91978022, 0.92967033, 0.92197802, 0.92747253,
       0.92857143, 0.93296703, 0.92967033, 0.93186813, 0.93296703,
       0.93406593, 0.93626374, 0.93516484, 0.93516484, 0.93626374,
       0.93846154, 0.93956044, 0.94065934, 0.94395604, 0.94065934,
       0.94615385, 0.94615385, 0.94725275, 0.94615385, 0.94285714,
       0.94505495, 0.94395604, 0.94615385, 0.94505495, 0.94505495,
       0.94395604, 0.94615385, 0.94835165, 0.94835165, 0.95054945,
       0.94835165, 0.94835165, 0.94835165, 0.94615385, 0.95054945,
       0.94835165, 0.94945055, 0.95054945, 0.94835165, 0.94945055,
       0.94725275, 0.94835165, 0.94945055, 0.94945055, 0.94835165,
       0.94725275, 0.94615385, 0.94725275, 0.94945055, 0.94835165,
       0.95054945, 0.95054945, 0.94945055, 0.94835165, 0.94945055,
       0.94835165, 0.94945055, 0.94835165, 0.94945055, 0.94945055,
       0.94945055, 0.94835165, 0.94615385, 0.94835165, 0.94615385,
       0.94725275, 0.94725275, 0.94725275, 0.94725275, 0.94835165,
       0.94945055, 0.94945055, 0.94945055, 0.94835165, 0.95054945,
       0.94945055, 0.94835165, 0.94945055, 0.94725275, 0.94835165,
       0.94615385, 0.94725275, 0.94615385, 0.94615385, 0.94835165,
       0.94835165, 0.94945055, 0.94835165, 0.94835165, 0.94615385,
       0.94615385, 0.94725275, 0.94615385, 0.94725275]), 'std_test_score': array([0.01554081, 0.01633634, 0.01716538, 0.02379825, 0.02788698,
       0.02469473, 0.0211092 , 0.01978022, 0.01825632, 0.01428571,
       0.01903353, 0.02014319, 0.01662939, 0.0211092 , 0.02682759,
       0.02262776, 0.02265443, 0.02038158, 0.01868132, 0.01851901,
       0.01993226, 0.01868132, 0.01758242, 0.02052917, 0.02186786,
       0.02197802, 0.0211092 , 0.01993226, 0.01965774, 0.02305074,
       0.0211092 , 0.0222239 , 0.01968843, 0.01968843, 0.02041118,
       0.02029251, 0.01906522, 0.02087912, 0.01868132, 0.021562  ,
       0.02200548, 0.02262776, 0.021562  , 0.02359441, 0.02153398,
       0.02073402, 0.02029251, 0.02038158, 0.01978022, 0.02029251,
       0.02130848, 0.01868132, 0.02014319, 0.01916   , 0.02087912,
       0.02099448, 0.01981072, 0.02153398, 0.02307692, 0.02153398,
       0.02144969, 0.02153398, 0.01968843, 0.02153398, 0.0209657 ,
       0.0209657 , 0.01968843, 0.0222239 , 0.02307692, 0.01993226,
       0.01825632, 0.01758242, 0.01758242, 0.01688164, 0.01705953,
       0.01716538, 0.01716538, 0.01716538, 0.01906522, 0.01855159,
       0.01978022, 0.01842094, 0.01785503, 0.01758242, 0.01968843,
       0.01734037, 0.01758242, 0.01868132, 0.01868132, 0.01968843,
       0.01968843, 0.01851901, 0.01968843, 0.01968843, 0.01734037,
       0.01734037, 0.01758242, 0.01734037, 0.02073402]), 'rank_test_score': array([97, 99, 93, 98, 96, 95, 90, 93, 92, 90, 89, 85, 87, 87, 85, 84, 83,
       81, 77, 81, 59, 59, 47, 59, 80, 74, 77, 59, 74, 74, 77, 59, 24, 24,
        1, 24, 24, 24, 59,  1, 24,  7,  1, 24,  7, 47, 24,  7,  7, 24, 47,
       59, 47,  7, 24,  1,  1,  7, 24,  7, 24,  7, 24,  7,  7,  7, 24, 59,
       24, 59, 47, 47, 47, 47, 24,  7,  7,  7, 24,  1,  7, 24,  7, 47, 24,
       59, 47, 59, 59, 24, 24,  7, 24, 24, 59, 59, 47, 59, 47],
      dtype=int32), 'split0_train_score': array([0.93681319, 0.93681319, 0.93681319, 0.9478022 , 0.95054945,
       0.95054945, 0.95604396, 0.95604396, 0.95604396, 0.96428571,
       0.96978022, 0.96428571, 0.96978022, 0.97252747, 0.97527473,
       0.98076923, 0.98351648, 0.98351648, 0.98626374, 0.98901099,
       0.98901099, 0.98901099, 0.99175824, 0.99175824, 0.98901099,
       0.99450549, 0.99450549, 0.99725275, 0.99450549, 0.99450549,
       0.99725275, 1.        , 1.        , 1.        , 1.        ,
       1.        , 1.        , 1.        , 1.        , 1.        ,
       1.        , 1.        , 1.        , 1.        , 1.        ,
       1.        , 1.        , 1.        , 1.        , 1.        ,
       1.        , 1.        , 1.        , 1.        , 1.        ,
       1.        , 1.        , 1.        , 1.        , 1.        ,
       1.        , 1.        , 1.        , 1.        , 1.        ,
       1.        , 1.        , 1.        , 1.        , 1.        ,
       1.        , 1.        , 1.        , 1.        , 1.        ,
       1.        , 1.        , 1.        , 1.        , 1.        ,
       1.        , 1.        , 1.        , 1.        , 1.        ,
       1.        , 1.        , 1.        , 1.        , 1.        ,
       1.        , 1.        , 1.        , 1.        , 1.        ,
       1.        , 1.        , 1.        , 1.        ]), 'split1_train_score': array([0.93956044, 0.93956044, 0.93956044, 0.92857143, 0.9478022 ,
       0.9478022 , 0.95879121, 0.96153846, 0.95604396, 0.95054945,
       0.95054945, 0.96703297, 0.96428571, 0.98076923, 0.98901099,
       0.98351648, 0.97527473, 0.98351648, 0.97802198, 0.98351648,
       0.98351648, 0.98076923, 0.98626374, 0.98626374, 0.98901099,
       0.99175824, 0.99450549, 0.99450549, 0.99175824, 0.99450549,
       1.        , 0.99725275, 1.        , 0.99725275, 0.99725275,
       1.        , 1.        , 1.        , 1.        , 1.        ,
       1.        , 1.        , 1.        , 1.        , 1.        ,
       1.        , 1.        , 1.        , 1.        , 1.        ,
       1.        , 1.        , 1.        , 1.        , 1.        ,
       1.        , 1.        , 1.        , 1.        , 1.        ,
       1.        , 1.        , 1.        , 1.        , 1.        ,
       1.        , 1.        , 1.        , 1.        , 1.        ,
       1.        , 1.        , 1.        , 1.        , 1.        ,
       1.        , 1.        , 1.        , 1.        , 1.        ,
       1.        , 1.        , 1.        , 1.        , 1.        ,
       1.        , 1.        , 1.        , 1.        , 1.        ,
       1.        , 1.        , 1.        , 1.        , 1.        ,
       1.        , 1.        , 1.        , 1.        ]), 'split2_train_score': array([0.92857143, 0.93131868, 0.9478022 , 0.9478022 , 0.9478022 ,
       0.9478022 , 0.95054945, 0.95054945, 0.95054945, 0.95604396,
       0.95879121, 0.96428571, 0.95604396, 0.95879121, 0.96153846,
       0.96978022, 0.97527473, 0.98076923, 0.98076923, 0.98076923,
       0.98351648, 0.98351648, 0.98626374, 0.98901099, 0.98901099,
       0.98901099, 0.98901099, 0.99175824, 0.98901099, 0.99175824,
       0.99450549, 0.99450549, 0.99725275, 0.99725275, 0.99725275,
       1.        , 0.99725275, 1.        , 1.        , 1.        ,
       1.        , 1.        , 1.        , 1.        , 1.        ,
       1.        , 1.        , 1.        , 1.        , 1.        ,
       1.        , 1.        , 1.        , 1.        , 1.        ,
       1.        , 1.        , 1.        , 1.        , 1.        ,
       1.        , 1.        , 1.        , 1.        , 1.        ,
       1.        , 1.        , 1.        , 1.        , 1.        ,
       1.        , 1.        , 1.        , 1.        , 1.        ,
       1.        , 1.        , 1.        , 1.        , 1.        ,
       1.        , 1.        , 1.        , 1.        , 1.        ,
       1.        , 1.        , 1.        , 1.        , 1.        ,
       1.        , 1.        , 1.        , 1.        , 1.        ,
       1.        , 1.        , 1.        , 1.        ]), 'split3_train_score': array([0.93681319, 0.93681319, 0.93681319, 0.9478022 , 0.95879121,
       0.95879121, 0.96428571, 0.95879121, 0.96703297, 0.96153846,
       0.96153846, 0.97252747, 0.97802198, 0.97802198, 0.98351648,
       0.98626374, 0.98626374, 0.98076923, 0.98626374, 0.98901099,
       0.98626374, 0.98901099, 0.99175824, 0.99450549, 0.99725275,
       0.99450549, 0.99450549, 0.99450549, 0.99175824, 0.99725275,
       0.99175824, 0.99450549, 0.99725275, 0.99725275, 0.99725275,
       0.99725275, 0.99725275, 0.99725275, 0.99450549, 1.        ,
       1.        , 0.99725275, 1.        , 1.        , 1.        ,
       1.        , 1.        , 1.        , 1.        , 1.        ,
       1.        , 1.        , 1.        , 1.        , 1.        ,
       1.        , 1.        , 1.        , 1.        , 1.        ,
       1.        , 1.        , 1.        , 1.        , 1.        ,
       1.        , 1.        , 1.        , 1.        , 1.        ,
       1.        , 1.        , 1.        , 1.        , 1.        ,
       1.        , 1.        , 1.        , 1.        , 1.        ,
       1.        , 1.        , 1.        , 1.        , 1.        ,
       1.        , 1.        , 1.        , 1.        , 1.        ,
       1.        , 1.        , 1.        , 1.        , 1.        ,
       1.        , 1.        , 1.        , 1.        ]), 'split4_train_score': array([0.93681319, 0.93681319, 0.93681319, 0.93681319, 0.94505495,
       0.94505495, 0.95054945, 0.94505495, 0.95604396, 0.95604396,
       0.96703297, 0.96978022, 0.97252747, 0.96978022, 0.97252747,
       0.96978022, 0.97252747, 0.98076923, 0.97802198, 0.98351648,
       0.98076923, 0.98901099, 0.99175824, 0.98626374, 0.98901099,
       0.99175824, 0.99450549, 0.99450549, 0.99450549, 0.99450549,
       0.99450549, 0.99725275, 0.99725275, 1.        , 0.99725275,
       1.        , 0.99450549, 1.        , 0.99725275, 1.        ,
       1.        , 1.        , 1.        , 1.        , 1.        ,
       1.        , 1.        , 1.        , 1.        , 1.        ,
       1.        , 1.        , 1.        , 1.        , 1.        ,
       1.        , 1.        , 1.        , 1.        , 1.        ,
       1.        , 1.        , 1.        , 1.        , 1.        ,
       1.        , 1.        , 1.        , 1.        , 1.        ,
       1.        , 1.        , 1.        , 1.        , 1.        ,
       1.        , 1.        , 1.        , 1.        , 1.        ,
       1.        , 1.        , 1.        , 1.        , 1.        ,
       1.        , 1.        , 1.        , 1.        , 1.        ,
       1.        , 1.        , 1.        , 1.        , 1.        ,
       1.        , 1.        , 1.        , 1.        ]), 'split5_train_score': array([0.94505495, 0.94505495, 0.94505495, 0.94505495, 0.95879121,
       0.95604396, 0.9532967 , 0.96428571, 0.96703297, 0.97527473,
       0.97252747, 0.97527473, 0.97527473, 0.98351648, 0.97802198,
       0.98626374, 0.97802198, 0.98626374, 0.98901099, 0.99175824,
       0.99175824, 0.99175824, 0.99175824, 0.99725275, 0.99725275,
       0.99450549, 1.        , 1.        , 1.        , 0.99450549,
       1.        , 0.99725275, 0.99725275, 0.99725275, 1.        ,
       1.        , 1.        , 1.        , 1.        , 1.        ,
       1.        , 1.        , 1.        , 1.        , 1.        ,
       1.        , 1.        , 1.        , 1.        , 1.        ,
       1.        , 1.        , 1.        , 1.        , 1.        ,
       1.        , 1.        , 1.        , 1.        , 1.        ,
       1.        , 1.        , 1.        , 1.        , 1.        ,
       1.        , 1.        , 1.        , 1.        , 1.        ,
       1.        , 1.        , 1.        , 1.        , 1.        ,
       1.        , 1.        , 1.        , 1.        , 1.        ,
       1.        , 1.        , 1.        , 1.        , 1.        ,
       1.        , 1.        , 1.        , 1.        , 1.        ,
       1.        , 1.        , 1.        , 1.        , 1.        ,
       1.        , 1.        , 1.        , 1.        ]), 'split6_train_score': array([0.93956044, 0.93956044, 0.93956044, 0.93131868, 0.93131868,
       0.93131868, 0.95879121, 0.96153846, 0.97252747, 0.97802198,
       0.98076923, 0.98626374, 0.98626374, 0.98626374, 0.99175824,
       0.99175824, 0.99175824, 0.99450549, 0.99450549, 1.        ,
       0.99725275, 1.        , 1.        , 1.        , 1.        ,
       1.        , 1.        , 1.        , 1.        , 1.        ,
       1.        , 1.        , 1.        , 1.        , 1.        ,
       1.        , 1.        , 1.        , 1.        , 1.        ,
       1.        , 1.        , 1.        , 1.        , 1.        ,
       1.        , 1.        , 1.        , 1.        , 1.        ,
       1.        , 1.        , 1.        , 1.        , 1.        ,
       1.        , 1.        , 1.        , 1.        , 1.        ,
       1.        , 1.        , 1.        , 1.        , 1.        ,
       1.        , 1.        , 1.        , 1.        , 1.        ,
       1.        , 1.        , 1.        , 1.        , 1.        ,
       1.        , 1.        , 1.        , 1.        , 1.        ,
       1.        , 1.        , 1.        , 1.        , 1.        ,
       1.        , 1.        , 1.        , 1.        , 1.        ,
       1.        , 1.        , 1.        , 1.        , 1.        ,
       1.        , 1.        , 1.        , 1.        ]), 'split7_train_score': array([0.93681319, 0.93681319, 0.95054945, 0.95054945, 0.9532967 ,
       0.95879121, 0.95879121, 0.95879121, 0.96428571, 0.97252747,
       0.96978022, 0.97527473, 0.97527473, 0.98351648, 0.98076923,
       0.98076923, 0.98626374, 0.98901099, 1.        , 0.99175824,
       0.99450549, 0.99175824, 0.99725275, 0.99725275, 0.99725275,
       1.        , 1.        , 1.        , 1.        , 1.        ,
       1.        , 1.        , 1.        , 1.        , 1.        ,
       1.        , 1.        , 1.        , 1.        , 1.        ,
       1.        , 1.        , 1.        , 1.        , 1.        ,
       1.        , 1.        , 1.        , 1.        , 1.        ,
       1.        , 1.        , 1.        , 1.        , 1.        ,
       1.        , 1.        , 1.        , 1.        , 1.        ,
       1.        , 1.        , 1.        , 1.        , 1.        ,
       1.        , 1.        , 1.        , 1.        , 1.        ,
       1.        , 1.        , 1.        , 1.        , 1.        ,
       1.        , 1.        , 1.        , 1.        , 1.        ,
       1.        , 1.        , 1.        , 1.        , 1.        ,
       1.        , 1.        , 1.        , 1.        , 1.        ,
       1.        , 1.        , 1.        , 1.        , 1.        ,
       1.        , 1.        , 1.        , 1.        ]), 'split8_train_score': array([0.93956044, 0.93956044, 0.93956044, 0.95879121, 0.95879121,
       0.95879121, 0.9532967 , 0.96153846, 0.95604396, 0.96428571,
       0.96703297, 0.96703297, 0.96978022, 0.97527473, 0.97252747,
       0.97802198, 0.97527473, 0.98351648, 0.98901099, 0.99175824,
       0.99175824, 0.99175824, 0.99450549, 0.98901099, 0.99450549,
       0.99450549, 1.        , 1.        , 1.        , 1.        ,
       0.99725275, 1.        , 0.99725275, 1.        , 1.        ,
       1.        , 1.        , 0.99725275, 1.        , 1.        ,
       1.        , 1.        , 1.        , 1.        , 1.        ,
       1.        , 1.        , 1.        , 1.        , 1.        ,
       1.        , 1.        , 1.        , 1.        , 1.        ,
       1.        , 1.        , 1.        , 1.        , 1.        ,
       1.        , 1.        , 1.        , 1.        , 1.        ,
       1.        , 1.        , 1.        , 1.        , 1.        ,
       1.        , 1.        , 1.        , 1.        , 1.        ,
       1.        , 1.        , 1.        , 1.        , 1.        ,
       1.        , 1.        , 1.        , 1.        , 1.        ,
       1.        , 1.        , 1.        , 1.        , 1.        ,
       1.        , 1.        , 1.        , 1.        , 1.        ,
       1.        , 1.        , 1.        , 1.        ]), 'split9_train_score': array([0.93406593, 0.93406593, 0.93406593, 0.93956044, 0.9478022 ,
       0.9478022 , 0.93406593, 0.9532967 , 0.95879121, 0.97527473,
       0.97527473, 0.97802198, 0.98076923, 0.98351648, 0.98076923,
       0.98626374, 0.99175824, 0.99175824, 0.99175824, 0.99450549,
       1.        , 0.99450549, 0.99450549, 0.99450549, 0.99450549,
       1.        , 1.        , 1.        , 1.        , 1.        ,
       1.        , 1.        , 1.        , 1.        , 1.        ,
       1.        , 1.        , 1.        , 1.        , 1.        ,
       1.        , 1.        , 1.        , 1.        , 1.        ,
       1.        , 1.        , 1.        , 1.        , 1.        ,
       1.        , 1.        , 1.        , 1.        , 1.        ,
       1.        , 1.        , 1.        , 1.        , 1.        ,
       1.        , 1.        , 1.        , 1.        , 1.        ,
       1.        , 1.        , 1.        , 1.        , 1.        ,
       1.        , 1.        , 1.        , 1.        , 1.        ,
       1.        , 1.        , 1.        , 1.        , 1.        ,
       1.        , 1.        , 1.        , 1.        , 1.        ,
       1.        , 1.        , 1.        , 1.        , 1.        ,
       1.        , 1.        , 1.        , 1.        , 1.        ,
       1.        , 1.        , 1.        , 1.        ]), 'mean_train_score': array([0.93736264, 0.93763736, 0.94065934, 0.94340659, 0.95      ,
       0.95027473, 0.95384615, 0.95714286, 0.96043956, 0.96538462,
       0.96730769, 0.97197802, 0.9728022 , 0.9771978 , 0.97857143,
       0.98131868, 0.98159341, 0.98543956, 0.98736264, 0.98956044,
       0.98983516, 0.99010989, 0.99258242, 0.99258242, 0.99368132,
       0.99505495, 0.9967033 , 0.99725275, 0.99615385, 0.9967033 ,
       0.99752747, 0.99807692, 0.99862637, 0.9989011 , 0.9989011 ,
       0.99972527, 0.9989011 , 0.99945055, 0.99917582, 1.        ,
       1.        , 0.99972527, 1.        , 1.        , 1.        ,
       1.        , 1.        , 1.        , 1.        , 1.        ,
       1.        , 1.        , 1.        , 1.        , 1.        ,
       1.        , 1.        , 1.        , 1.        , 1.        ,
       1.        , 1.        , 1.        , 1.        , 1.        ,
       1.        , 1.        , 1.        , 1.        , 1.        ,
       1.        , 1.        , 1.        , 1.        , 1.        ,
       1.        , 1.        , 1.        , 1.        , 1.        ,
       1.        , 1.        , 1.        , 1.        , 1.        ,
       1.        , 1.        , 1.        , 1.        , 1.        ,
       1.        , 1.        , 1.        , 1.        , 1.        ,
       1.        , 1.        , 1.        , 1.        ]), 'std_train_score': array([0.00403762, 0.00348587, 0.00509539, 0.00879121, 0.00794331,
       0.00809857, 0.00775095, 0.00565694, 0.00652436, 0.0090451 ,
       0.00819124, 0.00659341, 0.00809857, 0.00796703, 0.0083147 ,
       0.0068185 , 0.00684612, 0.00460523, 0.00675176, 0.00546696,
       0.0060252 , 0.00509539, 0.00408408, 0.00460523, 0.00408408,
       0.00364464, 0.00364464, 0.00300946, 0.00411171, 0.00295888,
       0.00286822, 0.00214567, 0.00137363, 0.00134587, 0.00134587,
       0.00082418, 0.00182232, 0.0010989 , 0.0017591 , 0.        ,
       0.        , 0.00082418, 0.        , 0.        , 0.        ,
       0.        , 0.        , 0.        , 0.        , 0.        ,
       0.        , 0.        , 0.        , 0.        , 0.        ,
       0.        , 0.        , 0.        , 0.        , 0.        ,
       0.        , 0.        , 0.        , 0.        , 0.        ,
       0.        , 0.        , 0.        , 0.        , 0.        ,
       0.        , 0.        , 0.        , 0.        , 0.        ,
       0.        , 0.        , 0.        , 0.        , 0.        ,
       0.        , 0.        , 0.        , 0.        , 0.        ,
       0.        , 0.        , 0.        , 0.        , 0.        ,
       0.        , 0.        , 0.        , 0.        , 0.        ,
       0.        , 0.        , 0.        , 0.        ])}Training Accuracy: 0.9978021978021978

Cross Validation Accuracy: 0.9495806277056278

Testing Accuracy: 0.9210526315789473

Total Time Taken: 0:01:30.946481