Adaboost with Balance Scale Dataset

Optimal Number of Estimators: 63

Grid Scores:

{'mean_fit_time': array([0.00567412, 0.00328274, 0.00457737, 0.00649171, 0.00784726,
       0.00949664, 0.01077943, 0.01299677, 0.01403794, 0.01488295,
       0.01716197, 0.01872029, 0.01982377, 0.02200732, 0.02307749,
       0.0245759 , 0.02689834, 0.0292953 , 0.030106  , 0.02925692,
       0.03318167, 0.03252046, 0.03381264, 0.03598044, 0.0370609 ,
       0.03938849, 0.03847356, 0.04003739, 0.04141326, 0.04205132,
       0.04634714, 0.04549873, 0.0467155 , 0.04617896, 0.04945443,
       0.05137596, 0.0506671 , 0.05658317, 0.05490766, 0.05514696,
       0.06098771, 0.06208954, 0.06401796, 0.06544743, 0.06552191,
       0.06897893, 0.06915433, 0.07191794, 0.07244248, 0.07529197,
       0.07981229, 0.07955105, 0.07989712, 0.08078506, 0.08334701,
       0.08596265, 0.08659992, 0.08899593, 0.09073997, 0.08988149,
       0.09239292, 0.09521451, 0.09393427, 0.0924361 , 0.09387188,
       0.09703977, 0.10267599, 0.09812231, 0.09743075, 0.10262122,
       0.10388014, 0.09991307, 0.10145824, 0.10338032, 0.11574719,
       0.11619737, 0.10889964, 0.11957941, 0.12143891, 0.11723473,
       0.11574647, 0.12422991, 0.12168214, 0.12073994, 0.12876449,
       0.13007836, 0.12401245, 0.12394969, 0.13170424, 0.13063774,
       0.13794634, 0.13522983, 0.13039134, 0.13823965, 0.1416784 ,
       0.14468608, 0.14133472, 0.14472291, 0.1454802 ]), 'std_fit_time': array([0.01240601, 0.0004845 , 0.00050816, 0.00088853, 0.00091584,
       0.00107484, 0.0012919 , 0.00148441, 0.00153749, 0.00049956,
       0.00106674, 0.00175282, 0.00132373, 0.00191499, 0.00082591,
       0.00125399, 0.00073837, 0.00202529, 0.00138173, 0.00209813,
       0.00156205, 0.0020383 , 0.00198259, 0.00293296, 0.00254118,
       0.00203973, 0.0021539 , 0.00234926, 0.00208311, 0.00261199,
       0.00240533, 0.00265385, 0.00202007, 0.00264869, 0.0032121 ,
       0.00327462, 0.00205388, 0.00244141, 0.00353105, 0.00286081,
       0.00329065, 0.00405834, 0.00205132, 0.00129197, 0.00244961,
       0.00157055, 0.00335545, 0.0041939 , 0.00437615, 0.00342996,
       0.0017345 , 0.00282519, 0.00268163, 0.00411769, 0.0047238 ,
       0.00365105, 0.00479723, 0.0046036 , 0.00374011, 0.00434914,
       0.00349549, 0.0027789 , 0.00303486, 0.00469811, 0.00460655,
       0.00618782, 0.00375829, 0.00580043, 0.00458735, 0.00586262,
       0.00451336, 0.00331281, 0.00402766, 0.00338359, 0.00324019,
       0.00401433, 0.00413872, 0.00203242, 0.00340132, 0.00670365,
       0.00522126, 0.0039079 , 0.00585487, 0.00736844, 0.00370846,
       0.00516898, 0.00436572, 0.00528926, 0.00798333, 0.00627458,
       0.00369577, 0.0056576 , 0.00379721, 0.00775993, 0.00502144,
       0.00358128, 0.00656421, 0.0065753 , 0.004014  ]), 'mean_score_time': array([0.00035973, 0.000512  , 0.00067353, 0.00080316, 0.0009563 ,
       0.00114102, 0.0011626 , 0.00135105, 0.00141253, 0.0015558 ,
       0.00175898, 0.00173478, 0.00183845, 0.00198548, 0.00220785,
       0.00222249, 0.00271759, 0.00258484, 0.0026458 , 0.0025018 ,
       0.00272958, 0.00291302, 0.00308106, 0.00321407, 0.00346925,
       0.00354583, 0.00328231, 0.00364492, 0.00354729, 0.00345657,
       0.00371404, 0.00437198, 0.00413029, 0.00416656, 0.00421689,
       0.00425253, 0.00438342, 0.00483599, 0.00504129, 0.00462947,
       0.00496223, 0.00505619, 0.00561047, 0.00561492, 0.00554681,
       0.00565722, 0.00576074, 0.00631087, 0.00583134, 0.00643654,
       0.00666332, 0.00659816, 0.00663805, 0.00637045, 0.00712512,
       0.00693161, 0.00735059, 0.00728431, 0.00781722, 0.00771172,
       0.00754712, 0.0079643 , 0.0082664 , 0.00781295, 0.00764432,
       0.00801172, 0.00874281, 0.00879748, 0.00795367, 0.00804222,
       0.00872185, 0.00814412, 0.00819843, 0.00837061, 0.00927584,
       0.00922081, 0.00876563, 0.01055338, 0.01023839, 0.00910213,
       0.00925012, 0.01006911, 0.00944147, 0.00948119, 0.0107162 ,
       0.01098411, 0.01058433, 0.01056521, 0.01057372, 0.01028457,
       0.01145446, 0.01153665, 0.01060119, 0.01168015, 0.01141953,
       0.01221323, 0.01102271, 0.01150403, 0.01203909]), 'std_score_time': array([4.95682260e-05, 9.82326934e-05, 1.25302381e-04, 1.46825434e-04,
       1.70583620e-04, 2.07901624e-04, 2.05933571e-04, 2.06657920e-04,
       2.15710485e-04, 2.06751040e-04, 5.85416264e-04, 2.19473951e-04,
       2.82149910e-04, 2.92826375e-04, 2.04957463e-04, 2.14570305e-04,
       2.10068314e-04, 3.30041956e-04, 4.24293391e-04, 3.32321206e-04,
       2.88878680e-04, 3.71250839e-04, 4.84394487e-04, 4.37605645e-04,
       5.82398464e-04, 6.09549363e-04, 3.13572843e-04, 6.05115508e-04,
       4.04127118e-04, 8.59694849e-05, 4.21105135e-04, 7.43002973e-04,
       7.29993999e-04, 5.71940031e-04, 4.27621511e-04, 4.40175148e-04,
       6.45178844e-04, 7.80485352e-04, 7.64003801e-04, 6.36100208e-04,
       5.81598015e-04, 6.23832022e-04, 8.39208818e-04, 5.76622173e-04,
       6.06967600e-04, 6.57234391e-04, 6.58195794e-04, 7.39611985e-04,
       5.68348860e-04, 8.44248449e-04, 8.60501517e-04, 8.06487847e-04,
       6.81228913e-04, 4.60835154e-04, 9.87899036e-04, 1.04403288e-03,
       1.07248536e-03, 1.11710082e-03, 1.15390390e-03, 1.10784799e-03,
       6.99167371e-04, 9.91470070e-04, 1.05188582e-03, 8.40180689e-04,
       8.66761209e-04, 1.10897873e-03, 1.10576174e-03, 1.39646741e-03,
       8.57686537e-04, 6.39493220e-04, 1.01251176e-03, 4.33811007e-04,
       4.83681365e-04, 7.71389018e-04, 8.87888837e-04, 8.31149821e-04,
       8.47136273e-04, 1.48482786e-03, 9.55830839e-04, 9.18034288e-04,
       8.30954099e-04, 1.01184733e-03, 6.76392233e-04, 9.23149355e-04,
       1.31656414e-03, 1.05630399e-03, 1.17108866e-03, 1.18670256e-03,
       7.78333153e-04, 5.62874962e-04, 1.17355144e-03, 1.05557128e-03,
       9.89474188e-04, 1.29077769e-03, 1.34439175e-03, 1.01522390e-03,
       1.13366638e-03, 1.05384807e-03, 1.61194308e-03]), 'param_n_estimators': masked_array(data=[1, 2, 3, 4, 5, 6, 7, 8, 9, 10, 11, 12, 13, 14, 15, 16,
                   17, 18, 19, 20, 21, 22, 23, 24, 25, 26, 27, 28, 29, 30,
                   31, 32, 33, 34, 35, 36, 37, 38, 39, 40, 41, 42, 43, 44,
                   45, 46, 47, 48, 49, 50, 51, 52, 53, 54, 55, 56, 57, 58,
                   59, 60, 61, 62, 63, 64, 65, 66, 67, 68, 69, 70, 71, 72,
                   73, 74, 75, 76, 77, 78, 79, 80, 81, 82, 83, 84, 85, 86,
                   87, 88, 89, 90, 91, 92, 93, 94, 95, 96, 97, 98, 99],
             mask=[False, False, False, False, False, False, False, False,
                   False, False, False, False, False, False, False, False,
                   False, False, False, False, False, False, False, False,
                   False, False, False, False, False, False, False, False,
                   False, False, False, False, False, False, False, False,
                   False, False, False, False, False, False, False, False,
                   False, False, False, False, False, False, False, False,
                   False, False, False, False, False, False, False, False,
                   False, False, False, False, False, False, False, False,
                   False, False, False, False, False, False, False, False,
                   False, False, False, False, False, False, False, False,
                   False, False, False, False, False, False, False, False,
                   False, False, False],
       fill_value='?',
            dtype=object), 'params': [{'n_estimators': 1}, {'n_estimators': 2}, {'n_estimators': 3}, {'n_estimators': 4}, {'n_estimators': 5}, {'n_estimators': 6}, {'n_estimators': 7}, {'n_estimators': 8}, {'n_estimators': 9}, {'n_estimators': 10}, {'n_estimators': 11}, {'n_estimators': 12}, {'n_estimators': 13}, {'n_estimators': 14}, {'n_estimators': 15}, {'n_estimators': 16}, {'n_estimators': 17}, {'n_estimators': 18}, {'n_estimators': 19}, {'n_estimators': 20}, {'n_estimators': 21}, {'n_estimators': 22}, {'n_estimators': 23}, {'n_estimators': 24}, {'n_estimators': 25}, {'n_estimators': 26}, {'n_estimators': 27}, {'n_estimators': 28}, {'n_estimators': 29}, {'n_estimators': 30}, {'n_estimators': 31}, {'n_estimators': 32}, {'n_estimators': 33}, {'n_estimators': 34}, {'n_estimators': 35}, {'n_estimators': 36}, {'n_estimators': 37}, {'n_estimators': 38}, {'n_estimators': 39}, {'n_estimators': 40}, {'n_estimators': 41}, {'n_estimators': 42}, {'n_estimators': 43}, {'n_estimators': 44}, {'n_estimators': 45}, {'n_estimators': 46}, {'n_estimators': 47}, {'n_estimators': 48}, {'n_estimators': 49}, {'n_estimators': 50}, {'n_estimators': 51}, {'n_estimators': 52}, {'n_estimators': 53}, {'n_estimators': 54}, {'n_estimators': 55}, {'n_estimators': 56}, {'n_estimators': 57}, {'n_estimators': 58}, {'n_estimators': 59}, {'n_estimators': 60}, {'n_estimators': 61}, {'n_estimators': 62}, {'n_estimators': 63}, {'n_estimators': 64}, {'n_estimators': 65}, {'n_estimators': 66}, {'n_estimators': 67}, {'n_estimators': 68}, {'n_estimators': 69}, {'n_estimators': 70}, {'n_estimators': 71}, {'n_estimators': 72}, {'n_estimators': 73}, {'n_estimators': 74}, {'n_estimators': 75}, {'n_estimators': 76}, {'n_estimators': 77}, {'n_estimators': 78}, {'n_estimators': 79}, {'n_estimators': 80}, {'n_estimators': 81}, {'n_estimators': 82}, {'n_estimators': 83}, {'n_estimators': 84}, {'n_estimators': 85}, {'n_estimators': 86}, {'n_estimators': 87}, {'n_estimators': 88}, {'n_estimators': 89}, {'n_estimators': 90}, {'n_estimators': 91}, {'n_estimators': 92}, {'n_estimators': 93}, {'n_estimators': 94}, {'n_estimators': 95}, {'n_estimators': 96}, {'n_estimators': 97}, {'n_estimators': 98}, {'n_estimators': 99}], 'split0_test_score': array([0.55, 0.52, 0.75, 0.76, 0.75, 0.76, 0.8 , 0.82, 0.86, 0.84, 0.88,
       0.92, 0.9 , 0.9 , 0.91, 0.87, 0.9 , 0.91, 0.93, 0.93, 0.93, 0.89,
       0.92, 0.9 , 0.93, 0.94, 0.91, 0.94, 0.93, 0.88, 0.91, 0.94, 0.93,
       0.93, 0.91, 0.9 , 0.91, 0.9 , 0.92, 0.92, 0.91, 0.9 , 0.91, 0.9 ,
       0.92, 0.91, 0.9 , 0.91, 0.9 , 0.9 , 0.91, 0.89, 0.92, 0.88, 0.92,
       0.9 , 0.89, 0.9 , 0.91, 0.89, 0.89, 0.9 , 0.91, 0.89, 0.91, 0.91,
       0.91, 0.89, 0.89, 0.89, 0.88, 0.89, 0.89, 0.88, 0.89, 0.89, 0.9 ,
       0.89, 0.88, 0.9 , 0.89, 0.91, 0.9 , 0.9 , 0.9 , 0.9 , 0.89, 0.89,
       0.89, 0.89, 0.89, 0.89, 0.9 , 0.89, 0.89, 0.89, 0.9 , 0.9 , 0.89]), 'split1_test_score': array([0.62, 0.68, 0.67, 0.81, 0.76, 0.77, 0.77, 0.78, 0.79, 0.85, 0.86,
       0.87, 0.85, 0.85, 0.85, 0.86, 0.88, 0.9 , 0.89, 0.89, 0.89, 0.89,
       0.9 , 0.9 , 0.89, 0.89, 0.89, 0.89, 0.9 , 0.9 , 0.91, 0.92, 0.92,
       0.92, 0.91, 0.89, 0.89, 0.91, 0.9 , 0.92, 0.92, 0.93, 0.94, 0.95,
       0.95, 0.95, 0.95, 0.92, 0.93, 0.91, 0.92, 0.92, 0.91, 0.92, 0.92,
       0.93, 0.92, 0.91, 0.93, 0.9 , 0.92, 0.91, 0.91, 0.92, 0.92, 0.92,
       0.92, 0.92, 0.94, 0.92, 0.92, 0.92, 0.91, 0.91, 0.92, 0.92, 0.9 ,
       0.92, 0.92, 0.93, 0.93, 0.93, 0.93, 0.92, 0.94, 0.93, 0.95, 0.95,
       0.95, 0.93, 0.93, 0.92, 0.93, 0.91, 0.91, 0.92, 0.93, 0.93, 0.93]), 'split2_test_score': array([0.63, 0.6 , 0.74, 0.79, 0.81, 0.82, 0.82, 0.84, 0.85, 0.88, 0.9 ,
       0.91, 0.89, 0.91, 0.9 , 0.91, 0.91, 0.91, 0.92, 0.91, 0.91, 0.94,
       0.92, 0.92, 0.91, 0.92, 0.93, 0.93, 0.91, 0.92, 0.95, 0.91, 0.93,
       0.92, 0.92, 0.93, 0.91, 0.92, 0.92, 0.93, 0.9 , 0.89, 0.91, 0.9 ,
       0.91, 0.9 , 0.89, 0.9 , 0.91, 0.91, 0.91, 0.91, 0.9 , 0.91, 0.91,
       0.9 , 0.9 , 0.9 , 0.91, 0.91, 0.92, 0.9 , 0.91, 0.93, 0.92, 0.92,
       0.92, 0.92, 0.92, 0.91, 0.91, 0.9 , 0.93, 0.91, 0.91, 0.91, 0.92,
       0.9 , 0.89, 0.89, 0.89, 0.89, 0.88, 0.91, 0.91, 0.89, 0.91, 0.92,
       0.9 , 0.9 , 0.89, 0.9 , 0.89, 0.89, 0.91, 0.9 , 0.9 , 0.91, 0.92]), 'split3_test_score': array([0.64, 0.63, 0.76, 0.75, 0.82, 0.82, 0.82, 0.83, 0.84, 0.85, 0.87,
       0.85, 0.87, 0.9 , 0.9 , 0.89, 0.89, 0.88, 0.89, 0.9 , 0.9 , 0.91,
       0.9 , 0.91, 0.9 , 0.9 , 0.91, 0.9 , 0.9 , 0.91, 0.92, 0.92, 0.9 ,
       0.91, 0.9 , 0.9 , 0.91, 0.91, 0.92, 0.92, 0.92, 0.91, 0.91, 0.92,
       0.91, 0.91, 0.92, 0.92, 0.94, 0.93, 0.93, 0.93, 0.93, 0.94, 0.92,
       0.92, 0.93, 0.92, 0.92, 0.92, 0.93, 0.93, 0.94, 0.94, 0.93, 0.94,
       0.94, 0.93, 0.93, 0.93, 0.92, 0.94, 0.94, 0.94, 0.93, 0.95, 0.94,
       0.93, 0.93, 0.93, 0.94, 0.93, 0.92, 0.94, 0.94, 0.94, 0.94, 0.95,
       0.95, 0.94, 0.94, 0.94, 0.94, 0.93, 0.93, 0.93, 0.95, 0.95, 0.95]), 'split4_test_score': array([0.67, 0.62, 0.79, 0.76, 0.82, 0.81, 0.84, 0.83, 0.87, 0.88, 0.89,
       0.91, 0.89, 0.9 , 0.91, 0.89, 0.87, 0.91, 0.93, 0.91, 0.91, 0.93,
       0.92, 0.91, 0.91, 0.93, 0.91, 0.9 , 0.92, 0.9 , 0.92, 0.93, 0.93,
       0.9 , 0.92, 0.91, 0.9 , 0.91, 0.91, 0.92, 0.92, 0.9 , 0.91, 0.91,
       0.91, 0.92, 0.94, 0.91, 0.95, 0.91, 0.93, 0.91, 0.93, 0.91, 0.9 ,
       0.92, 0.92, 0.93, 0.91, 0.91, 0.93, 0.96, 0.95, 0.92, 0.9 , 0.93,
       0.91, 0.89, 0.93, 0.91, 0.93, 0.92, 0.92, 0.92, 0.93, 0.92, 0.93,
       0.93, 0.92, 0.94, 0.92, 0.92, 0.92, 0.94, 0.93, 0.93, 0.91, 0.93,
       0.93, 0.92, 0.93, 0.94, 0.93, 0.92, 0.91, 0.91, 0.92, 0.91, 0.92]), 'split5_test_score': array([0.64, 0.59, 0.72, 0.78, 0.77, 0.78, 0.76, 0.82, 0.82, 0.86, 0.86,
       0.87, 0.85, 0.86, 0.86, 0.87, 0.84, 0.84, 0.86, 0.87, 0.9 , 0.9 ,
       0.88, 0.9 , 0.9 , 0.91, 0.92, 0.9 , 0.9 , 0.91, 0.91, 0.9 , 0.9 ,
       0.9 , 0.9 , 0.9 , 0.9 , 0.91, 0.9 , 0.9 , 0.9 , 0.91, 0.92, 0.92,
       0.92, 0.91, 0.91, 0.92, 0.92, 0.92, 0.92, 0.92, 0.93, 0.92, 0.92,
       0.92, 0.92, 0.93, 0.91, 0.92, 0.91, 0.93, 0.93, 0.92, 0.92, 0.92,
       0.93, 0.93, 0.92, 0.93, 0.92, 0.92, 0.91, 0.92, 0.91, 0.92, 0.92,
       0.91, 0.91, 0.92, 0.91, 0.92, 0.91, 0.91, 0.91, 0.9 , 0.91, 0.91,
       0.92, 0.92, 0.91, 0.92, 0.91, 0.91, 0.91, 0.91, 0.9 , 0.9 , 0.9 ]), 'split6_test_score': array([0.64, 0.74, 0.73, 0.78, 0.77, 0.82, 0.83, 0.84, 0.89, 0.9 , 0.92,
       0.91, 0.88, 0.93, 0.9 , 0.92, 0.93, 0.91, 0.92, 0.91, 0.93, 0.93,
       0.93, 0.91, 0.92, 0.91, 0.91, 0.92, 0.93, 0.94, 0.95, 0.94, 0.93,
       0.94, 0.94, 0.95, 0.93, 0.9 , 0.91, 0.92, 0.93, 0.93, 0.9 , 0.92,
       0.92, 0.93, 0.93, 0.93, 0.93, 0.95, 0.95, 0.92, 0.93, 0.91, 0.9 ,
       0.92, 0.92, 0.94, 0.93, 0.93, 0.94, 0.95, 0.94, 0.95, 0.94, 0.94,
       0.93, 0.94, 0.95, 0.95, 0.94, 0.95, 0.95, 0.95, 0.94, 0.95, 0.93,
       0.96, 0.96, 0.94, 0.96, 0.94, 0.94, 0.93, 0.95, 0.95, 0.94, 0.94,
       0.95, 0.95, 0.94, 0.94, 0.95, 0.95, 0.95, 0.95, 0.94, 0.94, 0.94]), 'split7_test_score': array([0.62, 0.64, 0.75, 0.83, 0.84, 0.84, 0.83, 0.86, 0.86, 0.86, 0.9 ,
       0.91, 0.91, 0.92, 0.93, 0.92, 0.93, 0.92, 0.93, 0.94, 0.94, 0.93,
       0.92, 0.94, 0.93, 0.94, 0.93, 0.94, 0.94, 0.92, 0.94, 0.93, 0.93,
       0.94, 0.93, 0.93, 0.93, 0.93, 0.95, 0.94, 0.94, 0.94, 0.94, 0.94,
       0.94, 0.93, 0.94, 0.94, 0.94, 0.94, 0.94, 0.94, 0.94, 0.94, 0.94,
       0.94, 0.94, 0.94, 0.94, 0.94, 0.95, 0.94, 0.95, 0.94, 0.94, 0.94,
       0.94, 0.94, 0.94, 0.94, 0.94, 0.94, 0.94, 0.94, 0.94, 0.95, 0.94,
       0.94, 0.94, 0.94, 0.93, 0.93, 0.94, 0.93, 0.93, 0.94, 0.94, 0.95,
       0.95, 0.95, 0.95, 0.94, 0.95, 0.93, 0.93, 0.93, 0.93, 0.93, 0.94]), 'split8_test_score': array([0.59, 0.69, 0.76, 0.77, 0.73, 0.8 , 0.83, 0.79, 0.83, 0.83, 0.87,
       0.88, 0.86, 0.86, 0.85, 0.85, 0.86, 0.85, 0.83, 0.87, 0.89, 0.89,
       0.86, 0.86, 0.86, 0.89, 0.89, 0.89, 0.89, 0.91, 0.91, 0.9 , 0.91,
       0.91, 0.9 , 0.92, 0.91, 0.93, 0.91, 0.89, 0.9 , 0.9 , 0.89, 0.89,
       0.9 , 0.91, 0.9 , 0.9 , 0.9 , 0.89, 0.92, 0.89, 0.89, 0.89, 0.9 ,
       0.89, 0.89, 0.9 , 0.9 , 0.9 , 0.9 , 0.89, 0.92, 0.9 , 0.9 , 0.9 ,
       0.91, 0.9 , 0.89, 0.9 , 0.89, 0.89, 0.89, 0.9 , 0.9 , 0.9 , 0.9 ,
       0.91, 0.91, 0.91, 0.91, 0.91, 0.92, 0.9 , 0.91, 0.91, 0.92, 0.92,
       0.92, 0.92, 0.92, 0.9 , 0.9 , 0.91, 0.91, 0.92, 0.91, 0.91, 0.91]), 'split9_test_score': array([0.59, 0.57, 0.71, 0.78, 0.76, 0.78, 0.79, 0.8 , 0.85, 0.84, 0.87,
       0.89, 0.84, 0.86, 0.87, 0.88, 0.86, 0.86, 0.86, 0.87, 0.87, 0.86,
       0.88, 0.88, 0.83, 0.88, 0.86, 0.87, 0.87, 0.89, 0.89, 0.86, 0.85,
       0.85, 0.86, 0.87, 0.87, 0.85, 0.85, 0.84, 0.87, 0.88, 0.87, 0.87,
       0.86, 0.85, 0.86, 0.86, 0.87, 0.86, 0.86, 0.84, 0.88, 0.84, 0.86,
       0.84, 0.87, 0.88, 0.86, 0.88, 0.87, 0.87, 0.89, 0.87, 0.86, 0.84,
       0.85, 0.84, 0.86, 0.85, 0.85, 0.87, 0.86, 0.87, 0.88, 0.85, 0.86,
       0.85, 0.84, 0.86, 0.85, 0.84, 0.83, 0.86, 0.87, 0.88, 0.87, 0.88,
       0.85, 0.85, 0.85, 0.83, 0.86, 0.85, 0.86, 0.86, 0.84, 0.85, 0.85]), 'mean_test_score': array([0.619, 0.628, 0.738, 0.781, 0.783, 0.8  , 0.809, 0.821, 0.846,
       0.859, 0.882, 0.892, 0.874, 0.889, 0.888, 0.886, 0.887, 0.889,
       0.896, 0.9  , 0.907, 0.907, 0.903, 0.903, 0.898, 0.911, 0.906,
       0.908, 0.909, 0.908, 0.921, 0.915, 0.913, 0.912, 0.909, 0.91 ,
       0.906, 0.907, 0.909, 0.91 , 0.911, 0.909, 0.91 , 0.912, 0.914,
       0.912, 0.914, 0.911, 0.919, 0.912, 0.919, 0.907, 0.916, 0.906,
       0.909, 0.908, 0.91 , 0.915, 0.912, 0.91 , 0.916, 0.918, 0.925,
       0.918, 0.914, 0.916, 0.916, 0.91 , 0.917, 0.913, 0.91 , 0.914,
       0.914, 0.914, 0.915, 0.916, 0.914, 0.914, 0.91 , 0.916, 0.913,
       0.912, 0.909, 0.914, 0.919, 0.917, 0.918, 0.924, 0.921, 0.917,
       0.915, 0.912, 0.916, 0.909, 0.911, 0.912, 0.912, 0.913, 0.915]), 'std_test_score': array([0.03238827, 0.06046487, 0.031241  , 0.023     , 0.03465545,
       0.0248998 , 0.02624881, 0.02343075, 0.026533  , 0.02071232,
       0.01886796, 0.02227106, 0.02244994, 0.02736786, 0.02675818,
       0.02332381, 0.029     , 0.02773085, 0.03411744, 0.02366432,
       0.02051828, 0.02410394, 0.02193171, 0.02051828, 0.02993326,
       0.02022375, 0.02009975, 0.02227106, 0.02022375, 0.016     ,
       0.01868154, 0.02291288, 0.02410394, 0.02481935, 0.02071232,
       0.0219089 , 0.0168523 , 0.02147091, 0.02385372, 0.02683282,
       0.01868154, 0.01813836, 0.02      , 0.02227106, 0.02289105,
       0.02481935, 0.02615339, 0.02071232, 0.023     , 0.02441311,
       0.023     , 0.02685144, 0.01907878, 0.02835489, 0.02022375,
       0.02675818, 0.0204939 , 0.01910497, 0.02088061, 0.01732051,
       0.02289105, 0.02712932, 0.01910497, 0.02357965, 0.02244994,
       0.02835489, 0.02457641, 0.02932576, 0.02685144, 0.02722132,
       0.02720294, 0.02457641, 0.026533  , 0.02457641, 0.01962142,
       0.02973214, 0.02332381, 0.0287054 , 0.03193744, 0.02497999,
       0.0293428 , 0.02749545, 0.03144837, 0.02289105, 0.02256103,
       0.02282542, 0.024     , 0.02374868, 0.03144837, 0.029     ,
       0.02906888, 0.03280244, 0.02764055, 0.02624881, 0.023     ,
       0.02357965, 0.02925748, 0.0264764 , 0.02801785]), 'rank_test_score': array([99, 98, 97, 96, 95, 94, 93, 92, 91, 90, 88, 82, 89, 83, 85, 87, 86,
       83, 81, 79, 70, 70, 77, 77, 80, 48, 74, 67, 60, 67,  3, 21, 35, 39,
       60, 52, 74, 70, 60, 52, 48, 60, 52, 39, 26, 39, 26, 48,  5, 39,  5,
       70, 14, 74, 60, 67, 52, 21, 39, 52, 14,  8,  1,  8, 26, 14, 14, 52,
       11, 35, 52, 26, 26, 26, 21, 14, 26, 26, 52, 14, 35, 39, 60, 26,  5,
       11,  8,  2,  3, 11, 21, 39, 14, 60, 48, 39, 39, 35, 21],
      dtype=int32), 'split0_train_score': array([0.6625, 0.685 , 0.76  , 0.785 , 0.8175, 0.8325, 0.8475, 0.855 ,
       0.875 , 0.8975, 0.9025, 0.92  , 0.9175, 0.92  , 0.925 , 0.925 ,
       0.9275, 0.9275, 0.945 , 0.945 , 0.935 , 0.935 , 0.945 , 0.9475,
       0.9425, 0.95  , 0.95  , 0.9575, 0.955 , 0.9625, 0.9675, 0.9675,
       0.97  , 0.9675, 0.9675, 0.9625, 0.9675, 0.96  , 0.965 , 0.965 ,
       0.955 , 0.965 , 0.975 , 0.97  , 0.9775, 0.97  , 0.97  , 0.975 ,
       0.9775, 0.9725, 0.97  , 0.9775, 0.9775, 0.9675, 0.9675, 0.97  ,
       0.9725, 0.98  , 0.965 , 0.9725, 0.975 , 0.9675, 0.9675, 0.965 ,
       0.975 , 0.975 , 0.9625, 0.965 , 0.975 , 0.9725, 0.965 , 0.9675,
       0.9725, 0.9675, 0.9625, 0.965 , 0.965 , 0.9625, 0.9575, 0.9625,
       0.97  , 0.9675, 0.965 , 0.97  , 0.965 , 0.9625, 0.955 , 0.955 ,
       0.9675, 0.965 , 0.9575, 0.96  , 0.9575, 0.9625, 0.9575, 0.9625,
       0.96  , 0.97  , 0.96  ]), 'split1_train_score': array([0.665 , 0.7175, 0.78  , 0.77  , 0.8125, 0.83  , 0.86  , 0.8875,
       0.895 , 0.8875, 0.915 , 0.9375, 0.915 , 0.935 , 0.9175, 0.935 ,
       0.9375, 0.9425, 0.9325, 0.9525, 0.95  , 0.955 , 0.9475, 0.96  ,
       0.95  , 0.9575, 0.9475, 0.9525, 0.9625, 0.9575, 0.9675, 0.9675,
       0.965 , 0.9625, 0.965 , 0.965 , 0.97  , 0.9625, 0.965 , 0.9625,
       0.9625, 0.9525, 0.96  , 0.9675, 0.9675, 0.965 , 0.96  , 0.965 ,
       0.96  , 0.96  , 0.9625, 0.9525, 0.9675, 0.9575, 0.9725, 0.9725,
       0.97  , 0.975 , 0.97  , 0.9725, 0.97  , 0.9725, 0.9725, 0.9625,
       0.9625, 0.9625, 0.9675, 0.9675, 0.97  , 0.9625, 0.96  , 0.9625,
       0.9625, 0.97  , 0.965 , 0.965 , 0.96  , 0.9675, 0.9675, 0.9725,
       0.9625, 0.9575, 0.955 , 0.955 , 0.9625, 0.955 , 0.9575, 0.96  ,
       0.965 , 0.9625, 0.9675, 0.965 , 0.965 , 0.965 , 0.9575, 0.955 ,
       0.9575, 0.955 , 0.9575]), 'split2_train_score': array([0.6625, 0.655 , 0.78  , 0.7625, 0.8075, 0.8075, 0.8375, 0.835 ,
       0.8725, 0.885 , 0.9   , 0.905 , 0.915 , 0.92  , 0.9375, 0.925 ,
       0.9275, 0.9375, 0.9475, 0.9275, 0.9325, 0.95  , 0.955 , 0.96  ,
       0.955 , 0.9575, 0.96  , 0.9475, 0.95  , 0.9475, 0.965 , 0.95  ,
       0.95  , 0.965 , 0.97  , 0.96  , 0.9575, 0.9675, 0.97  , 0.9575,
       0.96  , 0.9725, 0.9725, 0.955 , 0.9625, 0.9675, 0.9675, 0.96  ,
       0.9575, 0.9725, 0.9675, 0.965 , 0.97  , 0.97  , 0.9725, 0.9575,
       0.965 , 0.9625, 0.965 , 0.96  , 0.96  , 0.9625, 0.9725, 0.965 ,
       0.97  , 0.9575, 0.965 , 0.9625, 0.9625, 0.9625, 0.96  , 0.9675,
       0.9625, 0.9575, 0.965 , 0.965 , 0.9625, 0.96  , 0.96  , 0.96  ,
       0.9625, 0.965 , 0.965 , 0.96  , 0.9625, 0.9575, 0.96  , 0.96  ,
       0.965 , 0.96  , 0.96  , 0.965 , 0.9675, 0.9675, 0.96  , 0.9575,
       0.9575, 0.9575, 0.9625]), 'split3_train_score': array([0.66  , 0.6475, 0.775 , 0.7725, 0.795 , 0.8325, 0.845 , 0.8725,
       0.875 , 0.8825, 0.91  , 0.915 , 0.92  , 0.92  , 0.9275, 0.93  ,
       0.9325, 0.9425, 0.945 , 0.945 , 0.95  , 0.945 , 0.9525, 0.9375,
       0.9525, 0.95  , 0.9625, 0.96  , 0.96  , 0.965 , 0.9625, 0.965 ,
       0.96  , 0.965 , 0.9575, 0.9575, 0.97  , 0.955 , 0.96  , 0.9675,
       0.9675, 0.9625, 0.9675, 0.9675, 0.9625, 0.965 , 0.96  , 0.955 ,
       0.96  , 0.9575, 0.9575, 0.9575, 0.9675, 0.9575, 0.97  , 0.9725,
       0.9575, 0.9625, 0.96  , 0.97  , 0.9725, 0.965 , 0.97  , 0.9725,
       0.9675, 0.9675, 0.9675, 0.9675, 0.975 , 0.9775, 0.9675, 0.975 ,
       0.97  , 0.9675, 0.9725, 0.9675, 0.9625, 0.97  , 0.97  , 0.97  ,
       0.965 , 0.9675, 0.965 , 0.9775, 0.975 , 0.9675, 0.9675, 0.97  ,
       0.9675, 0.9625, 0.97  , 0.97  , 0.9675, 0.9675, 0.97  , 0.9675,
       0.97  , 0.9675, 0.97  ]), 'split4_train_score': array([0.6525, 0.665 , 0.7675, 0.77  , 0.805 , 0.81  , 0.83  , 0.845 ,
       0.8675, 0.88  , 0.89  , 0.915 , 0.9125, 0.91  , 0.92  , 0.9275,
       0.9275, 0.9375, 0.9425, 0.935 , 0.94  , 0.94  , 0.9375, 0.9475,
       0.945 , 0.9475, 0.955 , 0.95  , 0.9525, 0.9525, 0.955 , 0.96  ,
       0.96  , 0.96  , 0.96  , 0.96  , 0.96  , 0.9575, 0.9575, 0.965 ,
       0.96  , 0.96  , 0.9625, 0.9625, 0.96  , 0.9625, 0.9625, 0.96  ,
       0.955 , 0.9575, 0.9625, 0.9575, 0.9625, 0.9575, 0.9625, 0.955 ,
       0.9575, 0.9575, 0.9525, 0.96  , 0.9625, 0.9575, 0.965 , 0.9575,
       0.96  , 0.9575, 0.965 , 0.955 , 0.955 , 0.955 , 0.96  , 0.96  ,
       0.9625, 0.9575, 0.9525, 0.9525, 0.95  , 0.9525, 0.955 , 0.96  ,
       0.9575, 0.96  , 0.9575, 0.95  , 0.9525, 0.9575, 0.9625, 0.9575,
       0.96  , 0.9575, 0.9575, 0.96  , 0.955 , 0.955 , 0.9525, 0.955 ,
       0.9525, 0.9525, 0.955 ]), 'split5_train_score': array([0.66  , 0.6575, 0.7675, 0.7775, 0.8175, 0.8275, 0.84  , 0.8375,
       0.8775, 0.88  , 0.905 , 0.915 , 0.9175, 0.925 , 0.93  , 0.9225,
       0.9325, 0.94  , 0.9425, 0.9425, 0.95  , 0.945 , 0.94  , 0.95  ,
       0.95  , 0.9575, 0.955 , 0.9575, 0.965 , 0.9575, 0.9575, 0.97  ,
       0.97  , 0.9525, 0.945 , 0.96  , 0.955 , 0.9525, 0.95  , 0.95  ,
       0.9525, 0.95  , 0.9575, 0.9525, 0.9575, 0.9675, 0.96  , 0.9575,
       0.9575, 0.965 , 0.9575, 0.965 , 0.955 , 0.97  , 0.97  , 0.9775,
       0.9725, 0.9675, 0.9675, 0.96  , 0.965 , 0.9725, 0.96  , 0.9625,
       0.965 , 0.97  , 0.9725, 0.9725, 0.9625, 0.9725, 0.9725, 0.9625,
       0.9675, 0.97  , 0.965 , 0.9575, 0.955 , 0.9625, 0.965 , 0.965 ,
       0.97  , 0.97  , 0.9675, 0.9675, 0.965 , 0.965 , 0.965 , 0.965 ,
       0.97  , 0.965 , 0.965 , 0.9725, 0.9675, 0.9625, 0.9675, 0.9625,
       0.96  , 0.9625, 0.9675]), 'split6_train_score': array([0.66  , 0.7025, 0.785 , 0.7575, 0.8075, 0.83  , 0.8325, 0.8225,
       0.865 , 0.8925, 0.8925, 0.905 , 0.9075, 0.9125, 0.9175, 0.925 ,
       0.9275, 0.93  , 0.9275, 0.9425, 0.9475, 0.9575, 0.9575, 0.9625,
       0.9475, 0.96  , 0.96  , 0.9625, 0.9625, 0.965 , 0.9675, 0.965 ,
       0.955 , 0.9575, 0.9625, 0.9675, 0.9575, 0.945 , 0.9575, 0.955 ,
       0.955 , 0.9575, 0.96  , 0.9475, 0.9575, 0.955 , 0.96  , 0.9625,
       0.955 , 0.9575, 0.9725, 0.955 , 0.9525, 0.9575, 0.955 , 0.955 ,
       0.9575, 0.9575, 0.9675, 0.9625, 0.955 , 0.9575, 0.9525, 0.9625,
       0.9525, 0.9625, 0.96  , 0.9675, 0.9575, 0.96  , 0.9625, 0.955 ,
       0.9525, 0.9525, 0.96  , 0.9625, 0.95  , 0.96  , 0.955 , 0.955 ,
       0.9575, 0.96  , 0.9525, 0.96  , 0.9475, 0.955 , 0.955 , 0.955 ,
       0.9575, 0.95  , 0.9475, 0.9525, 0.9525, 0.95  , 0.95  , 0.9475,
       0.95  , 0.955 , 0.955 ]), 'split7_train_score': array([0.665 , 0.66  , 0.76  , 0.765 , 0.8   , 0.8125, 0.84  , 0.845 ,
       0.8625, 0.87  , 0.8875, 0.9125, 0.92  , 0.9275, 0.9   , 0.9075,
       0.9125, 0.935 , 0.93  , 0.925 , 0.94  , 0.94  , 0.945 , 0.9475,
       0.9475, 0.9375, 0.9475, 0.955 , 0.9625, 0.96  , 0.9575, 0.9575,
       0.9575, 0.9625, 0.9525, 0.9475, 0.945 , 0.9625, 0.9525, 0.95  ,
       0.9525, 0.9625, 0.9575, 0.9575, 0.9525, 0.96  , 0.9575, 0.9575,
       0.9575, 0.9575, 0.965 , 0.9625, 0.96  , 0.965 , 0.9725, 0.9725,
       0.9675, 0.9675, 0.97  , 0.9725, 0.97  , 0.9675, 0.955 , 0.9625,
       0.9675, 0.9575, 0.965 , 0.965 , 0.965 , 0.965 , 0.9625, 0.9625,
       0.965 , 0.965 , 0.9625, 0.965 , 0.965 , 0.9675, 0.96  , 0.9675,
       0.9675, 0.96  , 0.96  , 0.96  , 0.9625, 0.96  , 0.9575, 0.9575,
       0.96  , 0.9575, 0.9625, 0.965 , 0.9625, 0.96  , 0.965 , 0.965 ,
       0.96  , 0.96  , 0.96  ]), 'split8_train_score': array([0.6575, 0.6475, 0.7775, 0.76  , 0.815 , 0.8375, 0.855 , 0.855 ,
       0.8775, 0.89  , 0.91  , 0.9325, 0.9375, 0.9325, 0.9225, 0.935 ,
       0.93  , 0.935 , 0.9425, 0.9425, 0.945 , 0.9475, 0.9475, 0.96  ,
       0.9575, 0.9675, 0.97  , 0.96  , 0.965 , 0.965 , 0.97  , 0.9675,
       0.96  , 0.9675, 0.9675, 0.9625, 0.9675, 0.9625, 0.9625, 0.96  ,
       0.9625, 0.9625, 0.9675, 0.9675, 0.9675, 0.9675, 0.9625, 0.97  ,
       0.97  , 0.965 , 0.965 , 0.9675, 0.9675, 0.9675, 0.97  , 0.9725,
       0.965 , 0.97  , 0.9675, 0.97  , 0.9675, 0.9675, 0.9625, 0.9675,
       0.965 , 0.9625, 0.97  , 0.97  , 0.97  , 0.965 , 0.9725, 0.965 ,
       0.975 , 0.9725, 0.9725, 0.9725, 0.9725, 0.9725, 0.9725, 0.9675,
       0.975 , 0.97  , 0.975 , 0.9625, 0.975 , 0.9725, 0.975 , 0.9725,
       0.9675, 0.9675, 0.965 , 0.965 , 0.97  , 0.97  , 0.9675, 0.9625,
       0.975 , 0.9725, 0.9775]), 'split9_train_score': array([0.6525, 0.6625, 0.7825, 0.77  , 0.795 , 0.82  , 0.845 , 0.845 ,
       0.875 , 0.895 , 0.9225, 0.93  , 0.9375, 0.93  , 0.93  , 0.925 ,
       0.9275, 0.935 , 0.94  , 0.9525, 0.9575, 0.95  , 0.945 , 0.945 ,
       0.945 , 0.95  , 0.955 , 0.96  , 0.9625, 0.9475, 0.955 , 0.965 ,
       0.96  , 0.9575, 0.965 , 0.965 , 0.965 , 0.9625, 0.9625, 0.9625,
       0.965 , 0.965 , 0.9675, 0.9625, 0.9625, 0.97  , 0.9625, 0.96  ,
       0.965 , 0.97  , 0.9675, 0.965 , 0.97  , 0.97  , 0.9675, 0.97  ,
       0.9625, 0.9675, 0.9625, 0.9625, 0.96  , 0.96  , 0.9675, 0.965 ,
       0.9675, 0.9625, 0.9625, 0.965 , 0.9625, 0.9575, 0.9625, 0.9625,
       0.96  , 0.96  , 0.9725, 0.955 , 0.9575, 0.9625, 0.9675, 0.9625,
       0.96  , 0.955 , 0.9625, 0.96  , 0.955 , 0.955 , 0.9675, 0.965 ,
       0.9625, 0.9625, 0.9675, 0.9625, 0.955 , 0.9575, 0.9625, 0.96  ,
       0.9575, 0.9675, 0.9625]), 'mean_train_score': array([0.65975, 0.67   , 0.7735 , 0.769  , 0.80725, 0.824  , 0.84325,
       0.85   , 0.87425, 0.886  , 0.9035 , 0.91875, 0.92   , 0.92325,
       0.92275, 0.92575, 0.92825, 0.93625, 0.9395 , 0.941  , 0.94475,
       0.9465 , 0.94725, 0.95175, 0.94925, 0.9535 , 0.95625, 0.95625,
       0.95975, 0.958  , 0.9625 , 0.9635 , 0.96075, 0.96175, 0.96125,
       0.96075, 0.9615 , 0.95875, 0.96025, 0.9595 , 0.95925, 0.961  ,
       0.96475, 0.961  , 0.96275, 0.965  , 0.96225, 0.96225, 0.9615 ,
       0.9635 , 0.96475, 0.9625 , 0.965  , 0.964  , 0.968  , 0.9675 ,
       0.96475, 0.96675, 0.96475, 0.96625, 0.96575, 0.965  , 0.9645 ,
       0.96425, 0.96525, 0.9635 , 0.96575, 0.96575, 0.9655 , 0.965  ,
       0.9645 , 0.964  , 0.965  , 0.964  , 0.965  , 0.96275, 0.96   ,
       0.96375, 0.963  , 0.96425, 0.96475, 0.96325, 0.9625 , 0.96225,
       0.96225, 0.96075, 0.96225, 0.96175, 0.96425, 0.961  , 0.962  ,
       0.96375, 0.962  , 0.96175, 0.961  , 0.9595 , 0.96   , 0.962  ,
       0.96275]), 'std_train_score': array([0.00425   , 0.02261084, 0.00867468, 0.00784219, 0.00809707,
       0.01013657, 0.00887764, 0.01781853, 0.00851836, 0.00784219,
       0.01073546, 0.01062132, 0.00942072, 0.00783023, 0.00964689,
       0.0073357 , 0.00612883, 0.00464354, 0.00659545, 0.0088176 ,
       0.0073697 , 0.00663325, 0.00596343, 0.00790965, 0.00447912,
       0.00784219, 0.00673146, 0.00464354, 0.00505594, 0.0065    ,
       0.00547723, 0.00572276, 0.00592136, 0.00461655, 0.00735272,
       0.00525   , 0.00759934, 0.00614919, 0.00575   , 0.00589491,
       0.00500625, 0.0061441 , 0.00585769, 0.00717635, 0.0065622 ,
       0.00447214, 0.00361421, 0.00585769, 0.00691014, 0.00604152,
       0.00467039, 0.00689202, 0.00715891, 0.0055    , 0.00522015,
       0.00790569, 0.00564026, 0.00680533, 0.00505594, 0.00539096,
       0.00602599, 0.00524404, 0.00659545, 0.00371652, 0.00575   ,
       0.0055    , 0.00354436, 0.00447912, 0.0065    , 0.00680074,
       0.00458258, 0.00502494, 0.00622495, 0.00634429, 0.0060208 ,
       0.00575   , 0.0067082 , 0.00550568, 0.006     , 0.00500625,
       0.00552834, 0.00512957, 0.00622495, 0.0073697 , 0.00840015,
       0.00570636, 0.00616948, 0.00581485, 0.00388104, 0.0047697 ,
       0.00630476, 0.00527376, 0.00610328, 0.00592136, 0.00634429,
       0.00556776, 0.00707107, 0.00668954, 0.00675   ])}

Training Accuracy: 0.966

Cross Validation Accuracy: 0.9137882852671585

Testing Accuracy: 0.904

Total Time Taken: 0:01:28.027445