Decision Tree with Balance Scale Dataset

Best Depth: 88

Grid Scores:

{'mean_fit_time': array([0.00036469, 0.0003576 , 0.00042529, 0.00045602, 0.00060349,
       0.00048621, 0.00052235, 0.00060189, 0.00064819, 0.00051253,
       0.00050743, 0.00052063, 0.00050964, 0.00051534, 0.00050578,
       0.00051527, 0.00056057, 0.00053983, 0.00051041, 0.00051327,
       0.00051279, 0.00051332, 0.0005271 , 0.00061617, 0.0005656 ,
       0.00051055, 0.00051806, 0.00053029, 0.00056682, 0.00062313,
       0.00050821, 0.00050757, 0.00051911, 0.00050774, 0.00054114,
       0.00051243, 0.00051358, 0.00056629, 0.00059912, 0.00058579,
       0.00057302, 0.00052049, 0.00051463, 0.00050859, 0.00051439,
       0.00068755, 0.00056119, 0.00053377, 0.0006263 , 0.00055783,
       0.00064361, 0.00054851, 0.00065749, 0.00059109, 0.00064037,
       0.00052669, 0.00063603, 0.00051782, 0.00052333, 0.00052993,
       0.00051627, 0.00051215, 0.00051117, 0.00051403, 0.00051551,
       0.00051007, 0.00051403, 0.00052032, 0.00050786, 0.0005558 ,
       0.00071409, 0.0006413 , 0.00069187, 0.00062606, 0.00066116,
       0.00065169, 0.00069661, 0.00060143, 0.00061955, 0.00059636,
       0.0006165 , 0.00060194, 0.00066354, 0.00063157, 0.00051661,
       0.00065639, 0.0005347 , 0.00060549, 0.00053639, 0.00063345,
       0.0005651 , 0.0006032 , 0.00059865, 0.00055451, 0.00061972,
       0.00053623, 0.00065243, 0.00054584, 0.00056748]), 'std_fit_time': array([6.56825834e-05, 3.31700914e-05, 7.98892098e-05, 5.07537159e-05,
       7.01462792e-05, 2.46520776e-05, 8.84912935e-05, 9.49697697e-05,
       1.41764178e-04, 1.25196091e-05, 9.05303318e-06, 2.47432198e-05,
       1.05972700e-05, 1.69321679e-05, 7.90327922e-06, 2.52417163e-05,
       1.76103393e-05, 1.37117839e-05, 1.81231997e-05, 1.40014038e-05,
       1.67544999e-05, 2.00186439e-05, 2.02363308e-05, 1.28177394e-04,
       7.46147351e-05, 1.07416500e-05, 1.29798937e-05, 2.41415265e-05,
       1.04669351e-04, 1.02281415e-04, 8.48126971e-06, 8.61509626e-06,
       2.30372191e-05, 1.01903794e-05, 2.25115752e-05, 1.49562960e-05,
       2.07115497e-05, 8.74864168e-05, 8.72956173e-05, 9.20642160e-05,
       8.09009573e-05, 2.08161267e-05, 2.03269842e-05, 9.80523763e-06,
       1.42131272e-05, 1.30142690e-04, 7.95001238e-05, 2.41876324e-05,
       1.09974428e-04, 2.93979003e-05, 9.90784113e-05, 1.21486841e-05,
       1.03872113e-04, 8.70249892e-05, 8.96556226e-05, 1.73418831e-05,
       9.89674947e-05, 1.65347883e-05, 3.10598197e-05, 2.66148295e-05,
       1.79898470e-05, 1.26386361e-05, 1.80509791e-05, 1.65250048e-05,
       2.77799697e-05, 1.22344744e-05, 1.14381298e-05, 1.69388640e-05,
       1.06791565e-05, 7.87582712e-05, 6.77716669e-05, 1.03361799e-04,
       1.75719651e-04, 9.18533963e-05, 1.70719638e-04, 1.20986198e-04,
       1.91429863e-04, 1.18123315e-04, 9.97695127e-05, 6.55652870e-05,
       1.81995657e-04, 1.27879069e-04, 1.26893054e-04, 9.08908412e-05,
       2.02568260e-05, 1.13327122e-04, 2.58833100e-05, 9.40912330e-05,
       2.85088810e-05, 8.97082308e-05, 1.10573890e-04, 8.35973194e-05,
       1.06638607e-04, 6.65359407e-05, 1.10206705e-04, 3.14552545e-05,
       1.09664629e-04, 2.39966138e-05, 9.14123572e-05]), 'mean_score_time': array([0.00024056, 0.00021334, 0.00024123, 0.0002281 , 0.00030754,
       0.0002142 , 0.00023551, 0.00026155, 0.00028934, 0.0002151 ,
       0.00021396, 0.00021203, 0.00021436, 0.00021598, 0.00020928,
       0.00021718, 0.00023415, 0.00022304, 0.00020792, 0.00021398,
       0.00021477, 0.00021484, 0.00021801, 0.0002497 , 0.00022604,
       0.0002161 , 0.00021486, 0.00021884, 0.00025833, 0.00026038,
       0.00021088, 0.00021355, 0.00021091, 0.00021255, 0.00022364,
       0.00021479, 0.00021787, 0.00023994, 0.0002445 , 0.00027931,
       0.00023742, 0.00021274, 0.00020871, 0.00020757, 0.00021601,
       0.00027823, 0.00023713, 0.00022447, 0.00027633, 0.00022688,
       0.00026932, 0.00022883, 0.00028412, 0.00024726, 0.00026188,
       0.00021884, 0.00028293, 0.00021315, 0.00021656, 0.00021696,
       0.00020721, 0.00021124, 0.00021043, 0.00020769, 0.00021689,
       0.00021014, 0.00021636, 0.00021191, 0.00020869, 0.00024996,
       0.00028694, 0.00026767, 0.0003154 , 0.0002964 , 0.00027564,
       0.0002645 , 0.00029287, 0.00025938, 0.00024765, 0.000263  ,
       0.00024683, 0.00025191, 0.00025458, 0.00027554, 0.00021477,
       0.00026963, 0.00021734, 0.0002656 , 0.0002362 , 0.00026288,
       0.00023923, 0.00024803, 0.00025179, 0.00023198, 0.00028214,
       0.00021989, 0.00027039, 0.00022359, 0.00024219]), 'std_score_time': array([3.80861274e-05, 6.93777582e-06, 4.53071588e-05, 2.56108723e-05,
       3.76144810e-05, 1.07896986e-05, 3.08729138e-05, 5.43779417e-05,
       1.22248261e-04, 1.02396825e-05, 9.36484385e-06, 5.54039842e-06,
       1.12943237e-05, 1.00183759e-05, 2.04484765e-06, 1.56241318e-05,
       1.46539010e-05, 4.70869149e-06, 1.50203705e-06, 1.22354268e-05,
       9.53602788e-06, 1.28243711e-05, 8.88389985e-06, 4.54828731e-05,
       2.93439811e-05, 1.15224026e-05, 6.17573156e-06, 1.00647945e-05,
       9.24112535e-05, 4.20134466e-05, 2.45756246e-06, 1.05202046e-05,
       2.83146531e-06, 5.23354577e-06, 8.13702736e-06, 1.02005544e-05,
       1.44485593e-05, 4.74531081e-05, 3.72342731e-05, 1.26243133e-04,
       3.31864274e-05, 7.91251603e-06, 3.81946266e-06, 2.67028809e-06,
       1.02359069e-05, 4.67130085e-05, 4.49807091e-05, 1.75629716e-05,
       6.44882372e-05, 8.43085314e-06, 4.15620688e-05, 1.38663721e-05,
       6.65898482e-05, 4.51993399e-05, 3.93285448e-05, 5.73142594e-06,
       7.00144929e-05, 7.02910376e-06, 2.05966746e-05, 8.95514910e-06,
       2.79966766e-06, 7.39097595e-06, 4.58011957e-06, 3.54667170e-06,
       1.99797188e-05, 8.41330487e-06, 7.14241740e-06, 6.31858716e-06,
       4.28231892e-06, 7.71334918e-05, 2.91269549e-05, 4.73443172e-05,
       1.05475929e-04, 1.48373604e-04, 1.05906673e-04, 6.13726842e-05,
       9.81600996e-05, 4.68467270e-05, 4.35385293e-05, 6.21378876e-05,
       6.18463539e-05, 5.62655926e-05, 4.17757794e-05, 6.20558312e-05,
       9.97650002e-06, 4.37192914e-05, 6.54171227e-06, 5.74590754e-05,
       5.85886238e-05, 3.55904240e-05, 4.55149997e-05, 3.36224386e-05,
       4.94613062e-05, 2.69918895e-05, 8.27529697e-05, 1.39253800e-05,
       4.63801601e-05, 1.16233887e-05, 5.76104148e-05]), 'param_max_depth': masked_array(data=[1, 2, 3, 4, 5, 6, 7, 8, 9, 10, 11, 12, 13, 14, 15, 16,
                   17, 18, 19, 20, 21, 22, 23, 24, 25, 26, 27, 28, 29, 30,
                   31, 32, 33, 34, 35, 36, 37, 38, 39, 40, 41, 42, 43, 44,
                   45, 46, 47, 48, 49, 50, 51, 52, 53, 54, 55, 56, 57, 58,
                   59, 60, 61, 62, 63, 64, 65, 66, 67, 68, 69, 70, 71, 72,
                   73, 74, 75, 76, 77, 78, 79, 80, 81, 82, 83, 84, 85, 86,
                   87, 88, 89, 90, 91, 92, 93, 94, 95, 96, 97, 98, 99],
             mask=[False, False, False, False, False, False, False, False,
                   False, False, False, False, False, False, False, False,
                   False, False, False, False, False, False, False, False,
                   False, False, False, False, False, False, False, False,
                   False, False, False, False, False, False, False, False,
                   False, False, False, False, False, False, False, False,
                   False, False, False, False, False, False, False, False,
                   False, False, False, False, False, False, False, False,
                   False, False, False, False, False, False, False, False,
                   False, False, False, False, False, False, False, False,
                   False, False, False, False, False, False, False, False,
                   False, False, False, False, False, False, False, False,
                   False, False, False],
       fill_value='?',
            dtype=object), 'params': [{'max_depth': 1}, {'max_depth': 2}, {'max_depth': 3}, {'max_depth': 4}, {'max_depth': 5}, {'max_depth': 6}, {'max_depth': 7}, {'max_depth': 8}, {'max_depth': 9}, {'max_depth': 10}, {'max_depth': 11}, {'max_depth': 12}, {'max_depth': 13}, {'max_depth': 14}, {'max_depth': 15}, {'max_depth': 16}, {'max_depth': 17}, {'max_depth': 18}, {'max_depth': 19}, {'max_depth': 20}, {'max_depth': 21}, {'max_depth': 22}, {'max_depth': 23}, {'max_depth': 24}, {'max_depth': 25}, {'max_depth': 26}, {'max_depth': 27}, {'max_depth': 28}, {'max_depth': 29}, {'max_depth': 30}, {'max_depth': 31}, {'max_depth': 32}, {'max_depth': 33}, {'max_depth': 34}, {'max_depth': 35}, {'max_depth': 36}, {'max_depth': 37}, {'max_depth': 38}, {'max_depth': 39}, {'max_depth': 40}, {'max_depth': 41}, {'max_depth': 42}, {'max_depth': 43}, {'max_depth': 44}, {'max_depth': 45}, {'max_depth': 46}, {'max_depth': 47}, {'max_depth': 48}, {'max_depth': 49}, {'max_depth': 50}, {'max_depth': 51}, {'max_depth': 52}, {'max_depth': 53}, {'max_depth': 54}, {'max_depth': 55}, {'max_depth': 56}, {'max_depth': 57}, {'max_depth': 58}, {'max_depth': 59}, {'max_depth': 60}, {'max_depth': 61}, {'max_depth': 62}, {'max_depth': 63}, {'max_depth': 64}, {'max_depth': 65}, {'max_depth': 66}, {'max_depth': 67}, {'max_depth': 68}, {'max_depth': 69}, {'max_depth': 70}, {'max_depth': 71}, {'max_depth': 72}, {'max_depth': 73}, {'max_depth': 74}, {'max_depth': 75}, {'max_depth': 76}, {'max_depth': 77}, {'max_depth': 78}, {'max_depth': 79}, {'max_depth': 80}, {'max_depth': 81}, {'max_depth': 82}, {'max_depth': 83}, {'max_depth': 84}, {'max_depth': 85}, {'max_depth': 86}, {'max_depth': 87}, {'max_depth': 88}, {'max_depth': 89}, {'max_depth': 90}, {'max_depth': 91}, {'max_depth': 92}, {'max_depth': 93}, {'max_depth': 94}, {'max_depth': 95}, {'max_depth': 96}, {'max_depth': 97}, {'max_depth': 98}, {'max_depth': 99}], 'split0_test_score': array([0.53, 0.64, 0.68, 0.71, 0.71, 0.74, 0.7 , 0.72, 0.72, 0.72, 0.72,
       0.72, 0.7 , 0.71, 0.69, 0.72, 0.71, 0.73, 0.72, 0.72, 0.72, 0.71,
       0.71, 0.71, 0.71, 0.72, 0.73, 0.71, 0.71, 0.71, 0.7 , 0.7 , 0.71,
       0.73, 0.73, 0.69, 0.7 , 0.71, 0.71, 0.7 , 0.7 , 0.73, 0.72, 0.73,
       0.7 , 0.71, 0.71, 0.71, 0.71, 0.7 , 0.71, 0.71, 0.73, 0.72, 0.72,
       0.72, 0.71, 0.7 , 0.73, 0.72, 0.71, 0.71, 0.73, 0.72, 0.71, 0.72,
       0.71, 0.71, 0.72, 0.7 , 0.71, 0.72, 0.71, 0.71, 0.73, 0.71, 0.72,
       0.71, 0.72, 0.71, 0.72, 0.7 , 0.71, 0.71, 0.69, 0.72, 0.72, 0.73,
       0.72, 0.72, 0.7 , 0.71, 0.7 , 0.7 , 0.73, 0.72, 0.71, 0.7 , 0.7 ]), 'split1_test_score': array([0.62, 0.68, 0.74, 0.75, 0.75, 0.76, 0.73, 0.75, 0.75, 0.74, 0.75,
       0.76, 0.75, 0.74, 0.75, 0.74, 0.75, 0.75, 0.74, 0.75, 0.74, 0.74,
       0.75, 0.75, 0.74, 0.74, 0.74, 0.75, 0.75, 0.75, 0.75, 0.74, 0.75,
       0.74, 0.75, 0.74, 0.75, 0.74, 0.75, 0.76, 0.75, 0.76, 0.73, 0.74,
       0.75, 0.74, 0.73, 0.73, 0.73, 0.73, 0.74, 0.74, 0.76, 0.74, 0.74,
       0.75, 0.74, 0.74, 0.74, 0.74, 0.75, 0.75, 0.75, 0.73, 0.75, 0.76,
       0.76, 0.75, 0.73, 0.75, 0.76, 0.74, 0.74, 0.74, 0.76, 0.75, 0.74,
       0.75, 0.74, 0.73, 0.76, 0.73, 0.74, 0.75, 0.75, 0.74, 0.75, 0.74,
       0.73, 0.74, 0.75, 0.76, 0.74, 0.75, 0.74, 0.74, 0.73, 0.73, 0.74]), 'split2_test_score': array([0.53, 0.63, 0.67, 0.79, 0.82, 0.78, 0.77, 0.78, 0.81, 0.8 , 0.81,
       0.79, 0.8 , 0.79, 0.81, 0.79, 0.78, 0.81, 0.78, 0.81, 0.79, 0.81,
       0.79, 0.8 , 0.79, 0.79, 0.81, 0.81, 0.79, 0.8 , 0.81, 0.81, 0.81,
       0.81, 0.78, 0.81, 0.8 , 0.8 , 0.81, 0.8 , 0.79, 0.78, 0.81, 0.78,
       0.8 , 0.79, 0.78, 0.78, 0.79, 0.8 , 0.81, 0.79, 0.81, 0.8 , 0.79,
       0.8 , 0.81, 0.79, 0.8 , 0.81, 0.78, 0.81, 0.81, 0.8 , 0.8 , 0.79,
       0.78, 0.81, 0.79, 0.81, 0.79, 0.79, 0.78, 0.79, 0.78, 0.79, 0.78,
       0.81, 0.78, 0.8 , 0.8 , 0.8 , 0.8 , 0.81, 0.78, 0.81, 0.8 , 0.81,
       0.78, 0.8 , 0.79, 0.78, 0.78, 0.8 , 0.81, 0.81, 0.81, 0.79, 0.8 ]), 'split3_test_score': array([0.55, 0.59, 0.6 , 0.67, 0.67, 0.72, 0.72, 0.73, 0.71, 0.74, 0.75,
       0.75, 0.76, 0.76, 0.76, 0.74, 0.74, 0.74, 0.74, 0.76, 0.75, 0.75,
       0.75, 0.75, 0.75, 0.75, 0.75, 0.75, 0.74, 0.76, 0.75, 0.74, 0.74,
       0.76, 0.75, 0.75, 0.75, 0.76, 0.75, 0.75, 0.74, 0.76, 0.75, 0.76,
       0.75, 0.75, 0.75, 0.75, 0.74, 0.75, 0.75, 0.76, 0.76, 0.75, 0.75,
       0.75, 0.74, 0.75, 0.74, 0.75, 0.75, 0.76, 0.76, 0.76, 0.76, 0.75,
       0.75, 0.75, 0.76, 0.74, 0.74, 0.76, 0.75, 0.74, 0.75, 0.75, 0.76,
       0.74, 0.74, 0.76, 0.75, 0.75, 0.75, 0.75, 0.75, 0.74, 0.75, 0.76,
       0.74, 0.75, 0.76, 0.75, 0.75, 0.75, 0.75, 0.75, 0.75, 0.75, 0.75]), 'split4_test_score': array([0.51, 0.64, 0.7 , 0.68, 0.72, 0.72, 0.73, 0.75, 0.74, 0.74, 0.74,
       0.76, 0.74, 0.75, 0.75, 0.75, 0.74, 0.76, 0.77, 0.75, 0.77, 0.75,
       0.76, 0.74, 0.74, 0.75, 0.77, 0.75, 0.73, 0.75, 0.76, 0.75, 0.73,
       0.75, 0.75, 0.74, 0.76, 0.73, 0.76, 0.74, 0.73, 0.76, 0.74, 0.75,
       0.75, 0.75, 0.76, 0.75, 0.75, 0.73, 0.75, 0.75, 0.75, 0.73, 0.73,
       0.75, 0.74, 0.75, 0.75, 0.74, 0.74, 0.74, 0.74, 0.73, 0.75, 0.76,
       0.74, 0.73, 0.72, 0.75, 0.75, 0.74, 0.75, 0.76, 0.75, 0.73, 0.74,
       0.75, 0.73, 0.76, 0.74, 0.75, 0.75, 0.75, 0.76, 0.73, 0.74, 0.75,
       0.76, 0.75, 0.72, 0.74, 0.74, 0.74, 0.75, 0.73, 0.74, 0.76, 0.75]), 'split5_test_score': array([0.6 , 0.65, 0.68, 0.77, 0.75, 0.8 , 0.78, 0.81, 0.79, 0.8 , 0.81,
       0.81, 0.81, 0.8 , 0.81, 0.8 , 0.81, 0.8 , 0.8 , 0.8 , 0.78, 0.82,
       0.79, 0.81, 0.82, 0.82, 0.81, 0.79, 0.81, 0.81, 0.81, 0.79, 0.82,
       0.8 , 0.8 , 0.81, 0.8 , 0.8 , 0.79, 0.81, 0.79, 0.8 , 0.79, 0.8 ,
       0.79, 0.81, 0.81, 0.81, 0.81, 0.81, 0.81, 0.8 , 0.82, 0.79, 0.79,
       0.81, 0.81, 0.82, 0.79, 0.82, 0.79, 0.8 , 0.81, 0.79, 0.78, 0.79,
       0.8 , 0.81, 0.8 , 0.78, 0.8 , 0.78, 0.8 , 0.8 , 0.79, 0.78, 0.8 ,
       0.81, 0.79, 0.81, 0.79, 0.79, 0.79, 0.8 , 0.79, 0.82, 0.82, 0.81,
       0.78, 0.82, 0.8 , 0.81, 0.82, 0.78, 0.8 , 0.81, 0.81, 0.81, 0.8 ]), 'split6_test_score': array([0.59, 0.65, 0.74, 0.82, 0.82, 0.8 , 0.81, 0.78, 0.77, 0.79, 0.79,
       0.79, 0.78, 0.79, 0.79, 0.78, 0.79, 0.79, 0.79, 0.79, 0.78, 0.79,
       0.79, 0.77, 0.78, 0.79, 0.79, 0.79, 0.79, 0.79, 0.78, 0.79, 0.78,
       0.78, 0.78, 0.78, 0.78, 0.79, 0.79, 0.79, 0.79, 0.78, 0.79, 0.79,
       0.79, 0.79, 0.77, 0.79, 0.78, 0.79, 0.79, 0.79, 0.79, 0.78, 0.78,
       0.78, 0.79, 0.79, 0.77, 0.78, 0.78, 0.79, 0.79, 0.79, 0.77, 0.79,
       0.78, 0.78, 0.79, 0.79, 0.79, 0.79, 0.77, 0.78, 0.78, 0.78, 0.79,
       0.78, 0.79, 0.78, 0.78, 0.78, 0.79, 0.78, 0.78, 0.79, 0.79, 0.78,
       0.78, 0.79, 0.78, 0.79, 0.78, 0.78, 0.78, 0.78, 0.79, 0.78, 0.79]), 'split7_test_score': array([0.59, 0.68, 0.74, 0.74, 0.76, 0.76, 0.76, 0.75, 0.76, 0.76, 0.78,
       0.78, 0.76, 0.77, 0.77, 0.78, 0.78, 0.78, 0.78, 0.77, 0.77, 0.77,
       0.77, 0.76, 0.78, 0.78, 0.76, 0.77, 0.78, 0.76, 0.77, 0.76, 0.78,
       0.77, 0.76, 0.76, 0.78, 0.77, 0.78, 0.77, 0.77, 0.76, 0.76, 0.78,
       0.78, 0.78, 0.78, 0.76, 0.77, 0.77, 0.76, 0.78, 0.76, 0.77, 0.77,
       0.78, 0.78, 0.78, 0.77, 0.77, 0.78, 0.77, 0.76, 0.77, 0.76, 0.77,
       0.78, 0.77, 0.77, 0.76, 0.78, 0.77, 0.78, 0.76, 0.77, 0.77, 0.78,
       0.77, 0.78, 0.77, 0.77, 0.77, 0.77, 0.77, 0.78, 0.78, 0.78, 0.78,
       0.78, 0.77, 0.77, 0.78, 0.77, 0.77, 0.77, 0.77, 0.77, 0.77, 0.78]), 'split8_test_score': array([0.62, 0.59, 0.67, 0.76, 0.75, 0.77, 0.76, 0.75, 0.75, 0.75, 0.77,
       0.75, 0.76, 0.77, 0.77, 0.76, 0.75, 0.77, 0.76, 0.76, 0.75, 0.77,
       0.76, 0.77, 0.77, 0.76, 0.76, 0.75, 0.75, 0.76, 0.76, 0.76, 0.76,
       0.77, 0.76, 0.76, 0.75, 0.76, 0.76, 0.76, 0.77, 0.75, 0.76, 0.76,
       0.75, 0.76, 0.76, 0.75, 0.76, 0.75, 0.75, 0.77, 0.75, 0.77, 0.76,
       0.77, 0.76, 0.76, 0.77, 0.77, 0.76, 0.75, 0.75, 0.77, 0.75, 0.76,
       0.77, 0.76, 0.75, 0.77, 0.75, 0.76, 0.75, 0.75, 0.76, 0.76, 0.76,
       0.76, 0.76, 0.76, 0.75, 0.76, 0.75, 0.75, 0.76, 0.76, 0.77, 0.77,
       0.76, 0.76, 0.76, 0.77, 0.75, 0.76, 0.76, 0.75, 0.75, 0.76, 0.75]), 'split9_test_score': array([0.58, 0.6 , 0.75, 0.78, 0.76, 0.78, 0.76, 0.77, 0.77, 0.77, 0.77,
       0.78, 0.76, 0.75, 0.78, 0.76, 0.77, 0.77, 0.77, 0.78, 0.76, 0.77,
       0.76, 0.78, 0.77, 0.78, 0.77, 0.77, 0.76, 0.77, 0.75, 0.77, 0.78,
       0.77, 0.77, 0.76, 0.77, 0.78, 0.77, 0.78, 0.76, 0.76, 0.78, 0.77,
       0.75, 0.76, 0.76, 0.77, 0.76, 0.78, 0.77, 0.77, 0.77, 0.76, 0.78,
       0.78, 0.76, 0.77, 0.77, 0.78, 0.77, 0.77, 0.78, 0.77, 0.76, 0.77,
       0.76, 0.76, 0.77, 0.76, 0.78, 0.78, 0.77, 0.77, 0.77, 0.77, 0.78,
       0.77, 0.77, 0.77, 0.77, 0.77, 0.77, 0.76, 0.78, 0.76, 0.77, 0.78,
       0.76, 0.78, 0.77, 0.77, 0.76, 0.76, 0.75, 0.76, 0.75, 0.76, 0.76]), 'mean_test_score': array([0.572, 0.635, 0.697, 0.747, 0.751, 0.763, 0.752, 0.759, 0.757,
       0.761, 0.769, 0.769, 0.762, 0.763, 0.768, 0.762, 0.762, 0.77 ,
       0.765, 0.769, 0.761, 0.768, 0.763, 0.764, 0.765, 0.768, 0.769,
       0.764, 0.761, 0.766, 0.764, 0.761, 0.766, 0.768, 0.763, 0.76 ,
       0.764, 0.764, 0.767, 0.766, 0.759, 0.764, 0.763, 0.766, 0.761,
       0.764, 0.761, 0.76 , 0.76 , 0.761, 0.764, 0.766, 0.77 , 0.761,
       0.761, 0.769, 0.764, 0.765, 0.763, 0.768, 0.761, 0.765, 0.768,
       0.763, 0.759, 0.766, 0.763, 0.763, 0.76 , 0.761, 0.765, 0.763,
       0.76 , 0.76 , 0.764, 0.759, 0.765, 0.765, 0.76 , 0.765, 0.763,
       0.76 , 0.762, 0.763, 0.762, 0.765, 0.769, 0.771, 0.759, 0.768,
       0.76 , 0.766, 0.759, 0.759, 0.764, 0.762, 0.761, 0.761, 0.762]), 'std_test_score': array([0.03736308, 0.03138471, 0.04450843, 0.04561798, 0.04346263,
       0.02758623, 0.03059412, 0.02507987, 0.0286531 , 0.02662705,
       0.02808914, 0.02467793, 0.02925748, 0.02570992, 0.03310589,
       0.024     , 0.02785678, 0.0244949 , 0.02376973, 0.02547548,
       0.02022375, 0.031241  , 0.02325941, 0.02764055, 0.02941088,
       0.02785678, 0.02586503, 0.02690725, 0.02947881, 0.02727636,
       0.03039737, 0.0298161 , 0.03292416, 0.02357965, 0.019     ,
       0.0334664 , 0.028     , 0.0287054 , 0.0264764 , 0.03039737,
       0.02808914, 0.018     , 0.02758623, 0.02107131, 0.02808914,
       0.02764055, 0.02624881, 0.0275681 , 0.02792848, 0.03330165,
       0.03006659, 0.0257682 , 0.02683282, 0.02467793, 0.02385372,
       0.02547548, 0.03136877, 0.03138471, 0.02147091, 0.02993326,
       0.023     , 0.02837252, 0.02675818, 0.0264764 , 0.02211334,
       0.02059126, 0.02410394, 0.03001666, 0.02792848, 0.02844293,
       0.02655184, 0.02238303, 0.02408319, 0.02529822, 0.0168523 ,
       0.02343075, 0.02418677, 0.02906888, 0.0244949 , 0.02801785,
       0.02282542, 0.02792848, 0.026     , 0.02722132, 0.02749545,
       0.03232646, 0.02844293, 0.02547548, 0.02118962, 0.02856571,
       0.02898275, 0.026533  , 0.03014963, 0.02586503, 0.02457641,
       0.02925748, 0.03176476, 0.0291376 , 0.0295973 ]), 'rank_test_score': array([99, 98, 97, 96, 95, 45, 94, 86, 93, 64,  4,  4, 57, 45, 10, 57, 57,
        2, 25,  4, 64, 10, 45, 34, 25, 10,  4, 34, 64, 18, 34, 64, 18, 10,
       45, 77, 34, 34, 17, 18, 86, 34, 45, 18, 64, 34, 64, 77, 77, 64, 34,
       18,  2, 64, 64,  4, 34, 25, 45, 10, 64, 25, 10, 45, 86, 18, 45, 45,
       77, 64, 25, 45, 77, 77, 34, 86, 25, 25, 77, 25, 45, 77, 57, 45, 57,
       25,  4,  1, 86, 10, 77, 18, 86, 86, 34, 57, 64, 64, 57],
      dtype=int32), 'split0_train_score': array([0.64  , 0.695 , 0.7725, 0.83  , 0.855 , 0.8975, 0.9325, 0.9725,
       0.9875, 0.9975, 1.    , 1.    , 1.    , 1.    , 1.    , 1.    ,
       1.    , 1.    , 1.    , 1.    , 1.    , 1.    , 1.    , 1.    ,
       1.    , 1.    , 1.    , 1.    , 1.    , 1.    , 1.    , 1.    ,
       1.    , 1.    , 1.    , 1.    , 1.    , 1.    , 1.    , 1.    ,
       1.    , 1.    , 1.    , 1.    , 1.    , 1.    , 1.    , 1.    ,
       1.    , 1.    , 1.    , 1.    , 1.    , 1.    , 1.    , 1.    ,
       1.    , 1.    , 1.    , 1.    , 1.    , 1.    , 1.    , 1.    ,
       1.    , 1.    , 1.    , 1.    , 1.    , 1.    , 1.    , 1.    ,
       1.    , 1.    , 1.    , 1.    , 1.    , 1.    , 1.    , 1.    ,
       1.    , 1.    , 1.    , 1.    , 1.    , 1.    , 1.    , 1.    ,
       1.    , 1.    , 1.    , 1.    , 1.    , 1.    , 1.    , 1.    ,
       1.    , 1.    , 1.    ]), 'split1_train_score': array([0.63  , 0.675 , 0.7475, 0.8225, 0.8525, 0.89  , 0.935 , 0.9725,
       0.9875, 1.    , 1.    , 1.    , 1.    , 1.    , 1.    , 1.    ,
       1.    , 1.    , 1.    , 1.    , 1.    , 1.    , 1.    , 1.    ,
       1.    , 1.    , 1.    , 1.    , 1.    , 1.    , 1.    , 1.    ,
       1.    , 1.    , 1.    , 1.    , 1.    , 1.    , 1.    , 1.    ,
       1.    , 1.    , 1.    , 1.    , 1.    , 1.    , 1.    , 1.    ,
       1.    , 1.    , 1.    , 1.    , 1.    , 1.    , 1.    , 1.    ,
       1.    , 1.    , 1.    , 1.    , 1.    , 1.    , 1.    , 1.    ,
       1.    , 1.    , 1.    , 1.    , 1.    , 1.    , 1.    , 1.    ,
       1.    , 1.    , 1.    , 1.    , 1.    , 1.    , 1.    , 1.    ,
       1.    , 1.    , 1.    , 1.    , 1.    , 1.    , 1.    , 1.    ,
       1.    , 1.    , 1.    , 1.    , 1.    , 1.    , 1.    , 1.    ,
       1.    , 1.    , 1.    ]), 'split2_train_score': array([0.64  , 0.705 , 0.7625, 0.82  , 0.8475, 0.87  , 0.9175, 0.9575,
       0.9825, 0.9975, 1.    , 1.    , 1.    , 1.    , 1.    , 1.    ,
       1.    , 1.    , 1.    , 1.    , 1.    , 1.    , 1.    , 1.    ,
       1.    , 1.    , 1.    , 1.    , 1.    , 1.    , 1.    , 1.    ,
       1.    , 1.    , 1.    , 1.    , 1.    , 1.    , 1.    , 1.    ,
       1.    , 1.    , 1.    , 1.    , 1.    , 1.    , 1.    , 1.    ,
       1.    , 1.    , 1.    , 1.    , 1.    , 1.    , 1.    , 1.    ,
       1.    , 1.    , 1.    , 1.    , 1.    , 1.    , 1.    , 1.    ,
       1.    , 1.    , 1.    , 1.    , 1.    , 1.    , 1.    , 1.    ,
       1.    , 1.    , 1.    , 1.    , 1.    , 1.    , 1.    , 1.    ,
       1.    , 1.    , 1.    , 1.    , 1.    , 1.    , 1.    , 1.    ,
       1.    , 1.    , 1.    , 1.    , 1.    , 1.    , 1.    , 1.    ,
       1.    , 1.    , 1.    ]), 'split3_train_score': array([0.6475, 0.7125, 0.7625, 0.81  , 0.85  , 0.88  , 0.9125, 0.9475,
       0.97  , 0.99  , 0.9975, 1.    , 1.    , 1.    , 1.    , 1.    ,
       1.    , 1.    , 1.    , 1.    , 1.    , 1.    , 1.    , 1.    ,
       1.    , 1.    , 1.    , 1.    , 1.    , 1.    , 1.    , 1.    ,
       1.    , 1.    , 1.    , 1.    , 1.    , 1.    , 1.    , 1.    ,
       1.    , 1.    , 1.    , 1.    , 1.    , 1.    , 1.    , 1.    ,
       1.    , 1.    , 1.    , 1.    , 1.    , 1.    , 1.    , 1.    ,
       1.    , 1.    , 1.    , 1.    , 1.    , 1.    , 1.    , 1.    ,
       1.    , 1.    , 1.    , 1.    , 1.    , 1.    , 1.    , 1.    ,
       1.    , 1.    , 1.    , 1.    , 1.    , 1.    , 1.    , 1.    ,
       1.    , 1.    , 1.    , 1.    , 1.    , 1.    , 1.    , 1.    ,
       1.    , 1.    , 1.    , 1.    , 1.    , 1.    , 1.    , 1.    ,
       1.    , 1.    , 1.    ]), 'split4_train_score': array([0.6575, 0.71  , 0.77  , 0.815 , 0.855 , 0.89  , 0.9325, 0.97  ,
       0.99  , 0.9975, 1.    , 1.    , 1.    , 1.    , 1.    , 1.    ,
       1.    , 1.    , 1.    , 1.    , 1.    , 1.    , 1.    , 1.    ,
       1.    , 1.    , 1.    , 1.    , 1.    , 1.    , 1.    , 1.    ,
       1.    , 1.    , 1.    , 1.    , 1.    , 1.    , 1.    , 1.    ,
       1.    , 1.    , 1.    , 1.    , 1.    , 1.    , 1.    , 1.    ,
       1.    , 1.    , 1.    , 1.    , 1.    , 1.    , 1.    , 1.    ,
       1.    , 1.    , 1.    , 1.    , 1.    , 1.    , 1.    , 1.    ,
       1.    , 1.    , 1.    , 1.    , 1.    , 1.    , 1.    , 1.    ,
       1.    , 1.    , 1.    , 1.    , 1.    , 1.    , 1.    , 1.    ,
       1.    , 1.    , 1.    , 1.    , 1.    , 1.    , 1.    , 1.    ,
       1.    , 1.    , 1.    , 1.    , 1.    , 1.    , 1.    , 1.    ,
       1.    , 1.    , 1.    ]), 'split5_train_score': array([0.635 , 0.6825, 0.7575, 0.8025, 0.845 , 0.8825, 0.9175, 0.96  ,
       0.9825, 0.995 , 1.    , 1.    , 1.    , 1.    , 1.    , 1.    ,
       1.    , 1.    , 1.    , 1.    , 1.    , 1.    , 1.    , 1.    ,
       1.    , 1.    , 1.    , 1.    , 1.    , 1.    , 1.    , 1.    ,
       1.    , 1.    , 1.    , 1.    , 1.    , 1.    , 1.    , 1.    ,
       1.    , 1.    , 1.    , 1.    , 1.    , 1.    , 1.    , 1.    ,
       1.    , 1.    , 1.    , 1.    , 1.    , 1.    , 1.    , 1.    ,
       1.    , 1.    , 1.    , 1.    , 1.    , 1.    , 1.    , 1.    ,
       1.    , 1.    , 1.    , 1.    , 1.    , 1.    , 1.    , 1.    ,
       1.    , 1.    , 1.    , 1.    , 1.    , 1.    , 1.    , 1.    ,
       1.    , 1.    , 1.    , 1.    , 1.    , 1.    , 1.    , 1.    ,
       1.    , 1.    , 1.    , 1.    , 1.    , 1.    , 1.    , 1.    ,
       1.    , 1.    , 1.    ]), 'split6_train_score': array([0.625 , 0.6625, 0.76  , 0.825 , 0.8475, 0.885 , 0.915 , 0.9525,
       0.9825, 0.9925, 1.    , 1.    , 1.    , 1.    , 1.    , 1.    ,
       1.    , 1.    , 1.    , 1.    , 1.    , 1.    , 1.    , 1.    ,
       1.    , 1.    , 1.    , 1.    , 1.    , 1.    , 1.    , 1.    ,
       1.    , 1.    , 1.    , 1.    , 1.    , 1.    , 1.    , 1.    ,
       1.    , 1.    , 1.    , 1.    , 1.    , 1.    , 1.    , 1.    ,
       1.    , 1.    , 1.    , 1.    , 1.    , 1.    , 1.    , 1.    ,
       1.    , 1.    , 1.    , 1.    , 1.    , 1.    , 1.    , 1.    ,
       1.    , 1.    , 1.    , 1.    , 1.    , 1.    , 1.    , 1.    ,
       1.    , 1.    , 1.    , 1.    , 1.    , 1.    , 1.    , 1.    ,
       1.    , 1.    , 1.    , 1.    , 1.    , 1.    , 1.    , 1.    ,
       1.    , 1.    , 1.    , 1.    , 1.    , 1.    , 1.    , 1.    ,
       1.    , 1.    , 1.    ]), 'split7_train_score': array([0.6375, 0.6675, 0.7475, 0.815 , 0.8375, 0.8775, 0.915 , 0.9575,
       0.9875, 0.995 , 1.    , 1.    , 1.    , 1.    , 1.    , 1.    ,
       1.    , 1.    , 1.    , 1.    , 1.    , 1.    , 1.    , 1.    ,
       1.    , 1.    , 1.    , 1.    , 1.    , 1.    , 1.    , 1.    ,
       1.    , 1.    , 1.    , 1.    , 1.    , 1.    , 1.    , 1.    ,
       1.    , 1.    , 1.    , 1.    , 1.    , 1.    , 1.    , 1.    ,
       1.    , 1.    , 1.    , 1.    , 1.    , 1.    , 1.    , 1.    ,
       1.    , 1.    , 1.    , 1.    , 1.    , 1.    , 1.    , 1.    ,
       1.    , 1.    , 1.    , 1.    , 1.    , 1.    , 1.    , 1.    ,
       1.    , 1.    , 1.    , 1.    , 1.    , 1.    , 1.    , 1.    ,
       1.    , 1.    , 1.    , 1.    , 1.    , 1.    , 1.    , 1.    ,
       1.    , 1.    , 1.    , 1.    , 1.    , 1.    , 1.    , 1.    ,
       1.    , 1.    , 1.    ]), 'split8_train_score': array([0.63  , 0.6975, 0.7675, 0.81  , 0.85  , 0.8825, 0.9275, 0.9575,
       0.98  , 0.995 , 1.    , 1.    , 1.    , 1.    , 1.    , 1.    ,
       1.    , 1.    , 1.    , 1.    , 1.    , 1.    , 1.    , 1.    ,
       1.    , 1.    , 1.    , 1.    , 1.    , 1.    , 1.    , 1.    ,
       1.    , 1.    , 1.    , 1.    , 1.    , 1.    , 1.    , 1.    ,
       1.    , 1.    , 1.    , 1.    , 1.    , 1.    , 1.    , 1.    ,
       1.    , 1.    , 1.    , 1.    , 1.    , 1.    , 1.    , 1.    ,
       1.    , 1.    , 1.    , 1.    , 1.    , 1.    , 1.    , 1.    ,
       1.    , 1.    , 1.    , 1.    , 1.    , 1.    , 1.    , 1.    ,
       1.    , 1.    , 1.    , 1.    , 1.    , 1.    , 1.    , 1.    ,
       1.    , 1.    , 1.    , 1.    , 1.    , 1.    , 1.    , 1.    ,
       1.    , 1.    , 1.    , 1.    , 1.    , 1.    , 1.    , 1.    ,
       1.    , 1.    , 1.    ]), 'split9_train_score': array([0.6275, 0.64  , 0.735 , 0.8125, 0.835 , 0.8875, 0.9225, 0.9525,
       0.98  , 0.9925, 0.995 , 1.    , 1.    , 1.    , 1.    , 1.    ,
       1.    , 1.    , 1.    , 1.    , 1.    , 1.    , 1.    , 1.    ,
       1.    , 1.    , 1.    , 1.    , 1.    , 1.    , 1.    , 1.    ,
       1.    , 1.    , 1.    , 1.    , 1.    , 1.    , 1.    , 1.    ,
       1.    , 1.    , 1.    , 1.    , 1.    , 1.    , 1.    , 1.    ,
       1.    , 1.    , 1.    , 1.    , 1.    , 1.    , 1.    , 1.    ,
       1.    , 1.    , 1.    , 1.    , 1.    , 1.    , 1.    , 1.    ,
       1.    , 1.    , 1.    , 1.    , 1.    , 1.    , 1.    , 1.    ,
       1.    , 1.    , 1.    , 1.    , 1.    , 1.    , 1.    , 1.    ,
       1.    , 1.    , 1.    , 1.    , 1.    , 1.    , 1.    , 1.    ,
       1.    , 1.    , 1.    , 1.    , 1.    , 1.    , 1.    , 1.    ,
       1.    , 1.    , 1.    ]), 'mean_train_score': array([0.637  , 0.68475, 0.75825, 0.81625, 0.8475 , 0.88425, 0.92275,
       0.96   , 0.983  , 0.99525, 0.99925, 1.     , 1.     , 1.     ,
       1.     , 1.     , 1.     , 1.     , 1.     , 1.     , 1.     ,
       1.     , 1.     , 1.     , 1.     , 1.     , 1.     , 1.     ,
       1.     , 1.     , 1.     , 1.     , 1.     , 1.     , 1.     ,
       1.     , 1.     , 1.     , 1.     , 1.     , 1.     , 1.     ,
       1.     , 1.     , 1.     , 1.     , 1.     , 1.     , 1.     ,
       1.     , 1.     , 1.     , 1.     , 1.     , 1.     , 1.     ,
       1.     , 1.     , 1.     , 1.     , 1.     , 1.     , 1.     ,
       1.     , 1.     , 1.     , 1.     , 1.     , 1.     , 1.     ,
       1.     , 1.     , 1.     , 1.     , 1.     , 1.     , 1.     ,
       1.     , 1.     , 1.     , 1.     , 1.     , 1.     , 1.     ,
       1.     , 1.     , 1.     , 1.     , 1.     , 1.     , 1.     ,
       1.     , 1.     , 1.     , 1.     , 1.     , 1.     , 1.     ,
       1.     ]), 'std_train_score': array([0.00940744, 0.02231731, 0.01112711, 0.00776611, 0.00642262,
       0.00725   , 0.00801951, 0.0083666 , 0.00545436, 0.00283945,
       0.00160078, 0.        , 0.        , 0.        , 0.        ,
       0.        , 0.        , 0.        , 0.        , 0.        ,
       0.        , 0.        , 0.        , 0.        , 0.        ,
       0.        , 0.        , 0.        , 0.        , 0.        ,
       0.        , 0.        , 0.        , 0.        , 0.        ,
       0.        , 0.        , 0.        , 0.        , 0.        ,
       0.        , 0.        , 0.        , 0.        , 0.        ,
       0.        , 0.        , 0.        , 0.        , 0.        ,
       0.        , 0.        , 0.        , 0.        , 0.        ,
       0.        , 0.        , 0.        , 0.        , 0.        ,
       0.        , 0.        , 0.        , 0.        , 0.        ,
       0.        , 0.        , 0.        , 0.        , 0.        ,
       0.        , 0.        , 0.        , 0.        , 0.        ,
       0.        , 0.        , 0.        , 0.        , 0.        ,
       0.        , 0.        , 0.        , 0.        , 0.        ,
       0.        , 0.        , 0.        , 0.        , 0.        ,
       0.        , 0.        , 0.        , 0.        , 0.        ,
       0.        , 0.        , 0.        , 0.        ])}

Feature Importance: [0.23393496 0.25302039 0.2469904  0.26605424]

Score: 0.864

Training Accuracy: 1.0

Cross Validation Accuracy: 0.762159224098669

Testing Accuracy: 0.864

Total Time Taken: 0:00:01.718716