Decision Tree with Breast Cancer Dataset

Optimal Depth: 10

CV Results:

{'mean_fit_time': array([0.00581622, 0.0007864 , 0.00083642, 0.00089741, 0.00133448,
       0.00113237, 0.0012552 , 0.00120966, 0.0012352 , 0.00120022,
       0.00111461, 0.00127327, 0.00129297, 0.00111792, 0.00130126,
       0.0012728 , 0.00127106, 0.00120378, 0.00115819, 0.00131037,
       0.00130975, 0.00126879, 0.0014679 , 0.00124483, 0.00119417,
       0.00125272, 0.00145226, 0.00132072, 0.0011344 , 0.001401  ,
       0.00119576, 0.00144188, 0.00128593, 0.00139608, 0.00117679,
       0.00116348, 0.00143454, 0.0012707 , 0.00118487, 0.00115256,
       0.00126967, 0.00128798, 0.00131845, 0.00130692, 0.00124564,
       0.00132074, 0.00132239, 0.0011636 , 0.00147908, 0.00124464,
       0.00127285, 0.00127971, 0.00116577, 0.00122342, 0.00138984,
       0.00122805, 0.0014497 , 0.00119367, 0.00139596, 0.00125153,
       0.00140619, 0.00143952, 0.0011445 , 0.00128253, 0.00126452,
       0.00115449, 0.00132508, 0.00118821, 0.0014051 , 0.00129862,
       0.00112679, 0.00125625, 0.00107872, 0.00108135, 0.00107377,
       0.00106397, 0.00106361, 0.00106232, 0.0010679 , 0.00106654,
       0.00109005, 0.00109444, 0.00106502, 0.00111253, 0.00125985,
       0.0012295 , 0.00109167, 0.00108054, 0.00109825, 0.00108316,
       0.00109143, 0.00109115, 0.001072  , 0.00107765, 0.0010855 ,
       0.00108445, 0.00107136, 0.00109916, 0.00132065]), 'std_fit_time': array([1.55752722e-02, 1.56051952e-04, 6.82080345e-05, 3.80441651e-05,
       1.31270195e-04, 1.91428837e-04, 2.20952212e-04, 9.97216909e-05,
       2.30111969e-04, 8.02332506e-05, 7.30133300e-05, 2.21084643e-04,
       1.53155629e-04, 7.13775573e-05, 1.96154500e-04, 2.39497681e-04,
       2.01219089e-04, 2.30180143e-04, 8.27492329e-05, 1.82703517e-04,
       1.45921296e-04, 1.91344570e-04, 1.56219989e-04, 2.74490261e-04,
       1.27698204e-04, 1.37786800e-04, 2.18022829e-04, 2.48918616e-04,
       9.74293374e-05, 2.65328533e-04, 9.18660663e-05, 3.94572910e-04,
       2.23490102e-04, 1.82328126e-04, 1.44296660e-04, 5.71183446e-05,
       1.42901718e-04, 2.67773362e-04, 9.22962048e-05, 9.97456147e-05,
       1.64777122e-04, 1.63187784e-04, 2.82950766e-04, 1.79329897e-04,
       3.31772268e-04, 2.18619728e-04, 3.31038840e-04, 7.10643561e-05,
       1.32472282e-04, 2.30014260e-04, 2.17662245e-04, 2.33944257e-04,
       2.03184398e-04, 1.36621510e-04, 2.56073879e-04, 1.40671399e-04,
       2.30366177e-04, 9.68802506e-05, 2.84673789e-04, 2.74294644e-04,
       2.12975194e-04, 1.38159064e-04, 7.75988711e-05, 1.81008448e-04,
       2.67956026e-04, 1.32429279e-04, 1.96639481e-04, 1.37570167e-04,
       2.05134054e-04, 2.68790653e-04, 6.14323257e-05, 2.17420789e-04,
       6.07593506e-05, 6.43253371e-05, 6.97948594e-05, 6.51819303e-05,
       6.67093693e-05, 6.17494960e-05, 7.52030894e-05, 6.09435571e-05,
       7.75704291e-05, 7.48963193e-05, 7.24697577e-05, 1.85973340e-04,
       1.48846031e-04, 2.41445530e-04, 5.54982736e-05, 8.13466198e-05,
       5.63650163e-05, 6.73274354e-05, 7.89163192e-05, 5.28910218e-05,
       6.81683748e-05, 5.70415641e-05, 6.88511784e-05, 7.24321176e-05,
       6.30936109e-05, 8.86132806e-05, 2.90780968e-04]), 'mean_score_time': array([0.00170338, 0.00028059, 0.00024016, 0.00024774, 0.00033047,
       0.00026603, 0.00028419, 0.00026448, 0.00028403, 0.00026672,
       0.00024862, 0.00029492, 0.00029099, 0.00024722, 0.00030177,
       0.00028231, 0.00029113, 0.00027518, 0.00025764, 0.00030999,
       0.00029781, 0.00028851, 0.00032489, 0.00027442, 0.00027294,
       0.00027888, 0.00032454, 0.00029991, 0.00025265, 0.00030639,
       0.00027423, 0.00033245, 0.00030186, 0.00033092, 0.00031683,
       0.00026743, 0.00032072, 0.00029178, 0.00026197, 0.0002738 ,
       0.00030079, 0.00030174, 0.00029633, 0.00031557, 0.00031686,
       0.00029681, 0.00029941, 0.00025864, 0.00033913, 0.00026329,
       0.00027556, 0.00028117, 0.00025635, 0.00027139, 0.0003067 ,
       0.00027082, 0.00034781, 0.00027773, 0.00031266, 0.00027235,
       0.000319  , 0.00031276, 0.00025921, 0.00029359, 0.00028291,
       0.00026598, 0.00030313, 0.00026703, 0.00030563, 0.00031083,
       0.00024998, 0.00030937, 0.00023792, 0.00023882, 0.00023792,
       0.00023489, 0.00024092, 0.00023398, 0.00023541, 0.0002367 ,
       0.00023808, 0.00023949, 0.00023274, 0.00025411, 0.00029969,
       0.00029323, 0.0002445 , 0.00023913, 0.00024045, 0.0002408 ,
       0.00023811, 0.00024748, 0.00024581, 0.00023828, 0.00024364,
       0.00024421, 0.00024171, 0.00027888, 0.00028975]), 'std_score_time': array([4.22269746e-03, 4.88726045e-05, 7.73230085e-06, 2.26912495e-05,
       3.22479879e-05, 3.84967090e-05, 5.01774543e-05, 2.85891714e-05,
       5.14392215e-05, 3.01404935e-05, 7.23693667e-06, 6.00980365e-05,
       4.18747807e-05, 8.37419593e-06, 4.97692202e-05, 5.09996735e-05,
       5.28896515e-05, 4.29832134e-05, 3.03570055e-05, 5.87637523e-05,
       4.63073023e-05, 5.91198710e-05, 3.91908295e-05, 4.54320976e-05,
       4.29777910e-05, 4.27217954e-05, 4.71758982e-05, 5.75330708e-05,
       1.25077986e-05, 4.97787448e-05, 3.41948767e-05, 1.35124714e-04,
       6.75578680e-05, 6.18797957e-05, 1.07851745e-04, 4.54090764e-05,
       5.30263288e-05, 5.51676894e-05, 3.36781413e-05, 6.55627857e-05,
       6.94456640e-05, 5.21884274e-05, 6.15849035e-05, 6.18099603e-05,
       1.29958335e-04, 5.09740316e-05, 7.23508903e-05, 1.39395577e-05,
       5.43046349e-05, 3.85585649e-05, 4.71850547e-05, 4.76896819e-05,
       2.99155564e-05, 3.69008577e-05, 5.21805846e-05, 3.67064664e-05,
       5.21467599e-05, 5.09493809e-05, 5.75621851e-05, 5.16072476e-05,
       5.34384278e-05, 3.58809743e-05, 2.39279623e-05, 4.95397091e-05,
       4.88410454e-05, 4.34111983e-05, 5.78959843e-05, 3.51878685e-05,
       4.47760565e-05, 5.19488917e-05, 1.57331877e-05, 7.91329330e-05,
       8.50352543e-06, 8.85881440e-06, 9.72177886e-06, 4.99747181e-06,
       1.51984130e-05, 3.66451760e-06, 6.47533625e-06, 8.72221062e-06,
       7.30059335e-06, 7.35261406e-06, 3.04728419e-06, 4.70750587e-05,
       6.56097434e-05, 9.12287719e-05, 1.30243991e-05, 1.30076947e-05,
       8.49603528e-06, 1.03496734e-05, 6.33946887e-06, 1.75392478e-05,
       2.02905277e-05, 7.75883073e-06, 1.30536948e-05, 1.29687654e-05,
       1.26473360e-05, 1.12764883e-04, 5.78219913e-05]), 'param_max_depth': masked_array(data=[1, 2, 3, 4, 5, 6, 7, 8, 9, 10, 11, 12, 13, 14, 15, 16,
                   17, 18, 19, 20, 21, 22, 23, 24, 25, 26, 27, 28, 29, 30,
                   31, 32, 33, 34, 35, 36, 37, 38, 39, 40, 41, 42, 43, 44,
                   45, 46, 47, 48, 49, 50, 51, 52, 53, 54, 55, 56, 57, 58,
                   59, 60, 61, 62, 63, 64, 65, 66, 67, 68, 69, 70, 71, 72,
                   73, 74, 75, 76, 77, 78, 79, 80, 81, 82, 83, 84, 85, 86,
                   87, 88, 89, 90, 91, 92, 93, 94, 95, 96, 97, 98, 99],
             mask=[False, False, False, False, False, False, False, False,
                   False, False, False, False, False, False, False, False,
                   False, False, False, False, False, False, False, False,
                   False, False, False, False, False, False, False, False,
                   False, False, False, False, False, False, False, False,
                   False, False, False, False, False, False, False, False,
                   False, False, False, False, False, False, False, False,
                   False, False, False, False, False, False, False, False,
                   False, False, False, False, False, False, False, False,
                   False, False, False, False, False, False, False, False,
                   False, False, False, False, False, False, False, False,
                   False, False, False, False, False, False, False, False,
                   False, False, False],
       fill_value='?',
            dtype=object), 'params': [{'max_depth': 1}, {'max_depth': 2}, {'max_depth': 3}, {'max_depth': 4}, {'max_depth': 5}, {'max_depth': 6}, {'max_depth': 7}, {'max_depth': 8}, {'max_depth': 9}, {'max_depth': 10}, {'max_depth': 11}, {'max_depth': 12}, {'max_depth': 13}, {'max_depth': 14}, {'max_depth': 15}, {'max_depth': 16}, {'max_depth': 17}, {'max_depth': 18}, {'max_depth': 19}, {'max_depth': 20}, {'max_depth': 21}, {'max_depth': 22}, {'max_depth': 23}, {'max_depth': 24}, {'max_depth': 25}, {'max_depth': 26}, {'max_depth': 27}, {'max_depth': 28}, {'max_depth': 29}, {'max_depth': 30}, {'max_depth': 31}, {'max_depth': 32}, {'max_depth': 33}, {'max_depth': 34}, {'max_depth': 35}, {'max_depth': 36}, {'max_depth': 37}, {'max_depth': 38}, {'max_depth': 39}, {'max_depth': 40}, {'max_depth': 41}, {'max_depth': 42}, {'max_depth': 43}, {'max_depth': 44}, {'max_depth': 45}, {'max_depth': 46}, {'max_depth': 47}, {'max_depth': 48}, {'max_depth': 49}, {'max_depth': 50}, {'max_depth': 51}, {'max_depth': 52}, {'max_depth': 53}, {'max_depth': 54}, {'max_depth': 55}, {'max_depth': 56}, {'max_depth': 57}, {'max_depth': 58}, {'max_depth': 59}, {'max_depth': 60}, {'max_depth': 61}, {'max_depth': 62}, {'max_depth': 63}, {'max_depth': 64}, {'max_depth': 65}, {'max_depth': 66}, {'max_depth': 67}, {'max_depth': 68}, {'max_depth': 69}, {'max_depth': 70}, {'max_depth': 71}, {'max_depth': 72}, {'max_depth': 73}, {'max_depth': 74}, {'max_depth': 75}, {'max_depth': 76}, {'max_depth': 77}, {'max_depth': 78}, {'max_depth': 79}, {'max_depth': 80}, {'max_depth': 81}, {'max_depth': 82}, {'max_depth': 83}, {'max_depth': 84}, {'max_depth': 85}, {'max_depth': 86}, {'max_depth': 87}, {'max_depth': 88}, {'max_depth': 89}, {'max_depth': 90}, {'max_depth': 91}, {'max_depth': 92}, {'max_depth': 93}, {'max_depth': 94}, {'max_depth': 95}, {'max_depth': 96}, {'max_depth': 97}, {'max_depth': 98}, {'max_depth': 99}], 'split0_test_score': array([0.9010989 , 0.89010989, 0.91208791, 0.9010989 , 0.89010989,
       0.89010989, 0.9010989 , 0.9010989 , 0.87912088, 0.91208791,
       0.87912088, 0.89010989, 0.9010989 , 0.91208791, 0.87912088,
       0.9010989 , 0.87912088, 0.89010989, 0.91208791, 0.89010989,
       0.89010989, 0.89010989, 0.91208791, 0.9010989 , 0.91208791,
       0.89010989, 0.89010989, 0.89010989, 0.87912088, 0.87912088,
       0.89010989, 0.87912088, 0.89010989, 0.89010989, 0.87912088,
       0.91208791, 0.9010989 , 0.87912088, 0.89010989, 0.87912088,
       0.9010989 , 0.89010989, 0.91208791, 0.91208791, 0.87912088,
       0.91208791, 0.89010989, 0.89010989, 0.89010989, 0.89010989,
       0.9010989 , 0.89010989, 0.89010989, 0.87912088, 0.9010989 ,
       0.89010989, 0.89010989, 0.9010989 , 0.89010989, 0.89010989,
       0.89010989, 0.87912088, 0.87912088, 0.87912088, 0.92307692,
       0.91208791, 0.92307692, 0.91208791, 0.91208791, 0.9010989 ,
       0.89010989, 0.89010989, 0.89010989, 0.89010989, 0.87912088,
       0.89010989, 0.89010989, 0.9010989 , 0.89010989, 0.89010989,
       0.87912088, 0.9010989 , 0.87912088, 0.91208791, 0.89010989,
       0.89010989, 0.89010989, 0.87912088, 0.89010989, 0.89010989,
       0.87912088, 0.89010989, 0.89010989, 0.89010989, 0.9010989 ,
       0.91208791, 0.9010989 , 0.89010989, 0.89010989]), 'split1_test_score': array([0.92307692, 0.92307692, 0.95604396, 0.94505495, 0.95604396,
       0.94505495, 0.94505495, 0.95604396, 0.94505495, 0.96703297,
       0.93406593, 0.94505495, 0.94505495, 0.94505495, 0.93406593,
       0.96703297, 0.94505495, 0.94505495, 0.94505495, 0.95604396,
       0.94505495, 0.96703297, 0.96703297, 0.94505495, 0.94505495,
       0.95604396, 0.94505495, 0.95604396, 0.93406593, 0.94505495,
       0.95604396, 0.95604396, 0.96703297, 0.96703297, 0.94505495,
       0.96703297, 0.96703297, 0.93406593, 0.94505495, 0.94505495,
       0.94505495, 0.94505495, 0.95604396, 0.94505495, 0.95604396,
       0.94505495, 0.95604396, 0.94505495, 0.94505495, 0.95604396,
       0.94505495, 0.95604396, 0.96703297, 0.95604396, 0.93406593,
       0.94505495, 0.94505495, 0.95604396, 0.96703297, 0.94505495,
       0.94505495, 0.94505495, 0.93406593, 0.96703297, 0.94505495,
       0.94505495, 0.94505495, 0.96703297, 0.96703297, 0.94505495,
       0.94505495, 0.96703297, 0.95604396, 0.95604396, 0.94505495,
       0.95604396, 0.95604396, 0.96703297, 0.93406593, 0.94505495,
       0.95604396, 0.94505495, 0.96703297, 0.96703297, 0.96703297,
       0.94505495, 0.94505495, 0.96703297, 0.94505495, 0.96703297,
       0.93406593, 0.94505495, 0.95604396, 0.94505495, 0.94505495,
       0.94505495, 0.94505495, 0.94505495, 0.96703297]), 'split2_test_score': array([0.94505495, 0.94505495, 0.94505495, 0.95604396, 0.95604396,
       0.93406593, 0.93406593, 0.93406593, 0.93406593, 0.93406593,
       0.92307692, 0.93406593, 0.93406593, 0.93406593, 0.93406593,
       0.93406593, 0.92307692, 0.93406593, 0.93406593, 0.93406593,
       0.93406593, 0.93406593, 0.92307692, 0.93406593, 0.92307692,
       0.92307692, 0.93406593, 0.93406593, 0.92307692, 0.93406593,
       0.93406593, 0.93406593, 0.93406593, 0.93406593, 0.93406593,
       0.93406593, 0.93406593, 0.93406593, 0.93406593, 0.92307692,
       0.93406593, 0.92307692, 0.93406593, 0.93406593, 0.93406593,
       0.93406593, 0.93406593, 0.93406593, 0.93406593, 0.92307692,
       0.92307692, 0.93406593, 0.93406593, 0.93406593, 0.93406593,
       0.93406593, 0.93406593, 0.93406593, 0.93406593, 0.93406593,
       0.92307692, 0.92307692, 0.93406593, 0.93406593, 0.93406593,
       0.93406593, 0.93406593, 0.92307692, 0.93406593, 0.93406593,
       0.93406593, 0.93406593, 0.93406593, 0.93406593, 0.93406593,
       0.93406593, 0.93406593, 0.93406593, 0.92307692, 0.93406593,
       0.93406593, 0.93406593, 0.92307692, 0.92307692, 0.93406593,
       0.92307692, 0.93406593, 0.93406593, 0.93406593, 0.93406593,
       0.93406593, 0.93406593, 0.93406593, 0.93406593, 0.92307692,
       0.92307692, 0.93406593, 0.93406593, 0.93406593]), 'split3_test_score': array([0.94505495, 0.92307692, 0.96703297, 0.96703297, 0.96703297,
       0.97802198, 0.96703297, 0.97802198, 0.97802198, 0.96703297,
       0.97802198, 0.97802198, 0.97802198, 0.96703297, 0.95604396,
       0.95604396, 0.97802198, 0.98901099, 0.98901099, 0.98901099,
       0.96703297, 0.97802198, 0.96703297, 0.98901099, 0.95604396,
       0.98901099, 0.96703297, 0.96703297, 0.96703297, 0.97802198,
       0.95604396, 0.97802198, 0.97802198, 0.97802198, 0.97802198,
       0.97802198, 0.97802198, 0.97802198, 0.96703297, 0.96703297,
       0.95604396, 0.97802198, 0.96703297, 0.97802198, 0.98901099,
       0.97802198, 0.98901099, 0.96703297, 0.95604396, 0.97802198,
       0.96703297, 0.97802198, 0.95604396, 0.96703297, 0.97802198,
       0.96703297, 0.96703297, 0.96703297, 0.96703297, 0.95604396,
       0.97802198, 0.96703297, 0.95604396, 0.96703297, 0.97802198,
       0.96703297, 0.97802198, 0.97802198, 0.96703297, 0.97802198,
       0.96703297, 0.98901099, 0.98901099, 0.97802198, 0.96703297,
       0.98901099, 0.96703297, 0.97802198, 0.96703297, 0.97802198,
       0.97802198, 0.97802198, 0.97802198, 0.97802198, 0.96703297,
       0.95604396, 0.96703297, 0.96703297, 0.94505495, 0.97802198,
       0.96703297, 0.97802198, 0.95604396, 0.97802198, 0.97802198,
       0.97802198, 0.96703297, 0.97802198, 0.98901099]), 'split4_test_score': array([0.89010989, 0.89010989, 0.92307692, 0.9010989 , 0.9010989 ,
       0.91208791, 0.9010989 , 0.91208791, 0.91208791, 0.91208791,
       0.91208791, 0.91208791, 0.92307692, 0.91208791, 0.9010989 ,
       0.91208791, 0.92307692, 0.92307692, 0.91208791, 0.9010989 ,
       0.91208791, 0.91208791, 0.91208791, 0.9010989 , 0.92307692,
       0.91208791, 0.91208791, 0.9010989 , 0.91208791, 0.91208791,
       0.91208791, 0.93406593, 0.91208791, 0.93406593, 0.91208791,
       0.91208791, 0.91208791, 0.91208791, 0.91208791, 0.92307692,
       0.93406593, 0.9010989 , 0.91208791, 0.91208791, 0.9010989 ,
       0.91208791, 0.91208791, 0.91208791, 0.93406593, 0.92307692,
       0.93406593, 0.9010989 , 0.91208791, 0.9010989 , 0.91208791,
       0.91208791, 0.92307692, 0.9010989 , 0.91208791, 0.9010989 ,
       0.91208791, 0.91208791, 0.91208791, 0.92307692, 0.91208791,
       0.9010989 , 0.93406593, 0.9010989 , 0.91208791, 0.9010989 ,
       0.9010989 , 0.9010989 , 0.9010989 , 0.92307692, 0.9010989 ,
       0.91208791, 0.91208791, 0.91208791, 0.91208791, 0.91208791,
       0.91208791, 0.92307692, 0.93406593, 0.93406593, 0.91208791,
       0.9010989 , 0.9010989 , 0.91208791, 0.91208791, 0.91208791,
       0.93406593, 0.91208791, 0.9010989 , 0.91208791, 0.91208791,
       0.91208791, 0.89010989, 0.91208791, 0.91208791]), 'split5_test_score': array([0.91208791, 0.9010989 , 0.89010989, 0.9010989 , 0.9010989 ,
       0.91208791, 0.9010989 , 0.9010989 , 0.9010989 , 0.9010989 ,
       0.91208791, 0.89010989, 0.87912088, 0.91208791, 0.86813187,
       0.89010989, 0.89010989, 0.86813187, 0.86813187, 0.9010989 ,
       0.91208791, 0.9010989 , 0.89010989, 0.9010989 , 0.9010989 ,
       0.89010989, 0.9010989 , 0.9010989 , 0.89010989, 0.9010989 ,
       0.9010989 , 0.9010989 , 0.9010989 , 0.9010989 , 0.91208791,
       0.91208791, 0.91208791, 0.92307692, 0.91208791, 0.86813187,
       0.9010989 , 0.89010989, 0.91208791, 0.91208791, 0.9010989 ,
       0.89010989, 0.89010989, 0.87912088, 0.89010989, 0.91208791,
       0.87912088, 0.89010989, 0.91208791, 0.87912088, 0.87912088,
       0.89010989, 0.89010989, 0.91208791, 0.89010989, 0.87912088,
       0.9010989 , 0.89010989, 0.89010989, 0.9010989 , 0.9010989 ,
       0.89010989, 0.91208791, 0.89010989, 0.92307692, 0.89010989,
       0.87912088, 0.86813187, 0.91208791, 0.92307692, 0.9010989 ,
       0.87912088, 0.89010989, 0.89010989, 0.89010989, 0.9010989 ,
       0.9010989 , 0.9010989 , 0.9010989 , 0.91208791, 0.89010989,
       0.9010989 , 0.89010989, 0.92307692, 0.87912088, 0.9010989 ,
       0.89010989, 0.89010989, 0.89010989, 0.87912088, 0.89010989,
       0.91208791, 0.91208791, 0.89010989, 0.9010989 ]), 'split6_test_score': array([0.96703297, 0.95604396, 0.94505495, 0.93406593, 0.94505495,
       0.94505495, 0.93406593, 0.92307692, 0.95604396, 0.93406593,
       0.94505495, 0.93406593, 0.95604396, 0.94505495, 0.93406593,
       0.93406593, 0.94505495, 0.94505495, 0.92307692, 0.94505495,
       0.94505495, 0.93406593, 0.93406593, 0.95604396, 0.94505495,
       0.95604396, 0.93406593, 0.95604396, 0.94505495, 0.93406593,
       0.94505495, 0.93406593, 0.93406593, 0.93406593, 0.94505495,
       0.93406593, 0.93406593, 0.94505495, 0.95604396, 0.92307692,
       0.95604396, 0.93406593, 0.93406593, 0.95604396, 0.93406593,
       0.95604396, 0.95604396, 0.94505495, 0.95604396, 0.93406593,
       0.94505495, 0.95604396, 0.95604396, 0.95604396, 0.94505495,
       0.94505495, 0.95604396, 0.94505495, 0.94505495, 0.95604396,
       0.93406593, 0.93406593, 0.95604396, 0.94505495, 0.94505495,
       0.94505495, 0.95604396, 0.94505495, 0.93406593, 0.94505495,
       0.94505495, 0.95604396, 0.95604396, 0.92307692, 0.94505495,
       0.93406593, 0.93406593, 0.94505495, 0.94505495, 0.93406593,
       0.93406593, 0.95604396, 0.94505495, 0.94505495, 0.93406593,
       0.94505495, 0.94505495, 0.93406593, 0.93406593, 0.94505495,
       0.94505495, 0.95604396, 0.94505495, 0.94505495, 0.94505495,
       0.95604396, 0.94505495, 0.94505495, 0.93406593]), 'split7_test_score': array([0.91208791, 0.89010989, 0.93406593, 0.92307692, 0.95604396,
       0.91208791, 0.95604396, 0.93406593, 0.93406593, 0.93406593,
       0.93406593, 0.93406593, 0.9010989 , 0.9010989 , 0.92307692,
       0.89010989, 0.91208791, 0.94505495, 0.94505495, 0.92307692,
       0.93406593, 0.95604396, 0.94505495, 0.93406593, 0.91208791,
       0.93406593, 0.91208791, 0.92307692, 0.92307692, 0.92307692,
       0.93406593, 0.93406593, 0.92307692, 0.9010989 , 0.92307692,
       0.93406593, 0.94505495, 0.93406593, 0.91208791, 0.92307692,
       0.92307692, 0.91208791, 0.9010989 , 0.92307692, 0.95604396,
       0.92307692, 0.92307692, 0.93406593, 0.92307692, 0.91208791,
       0.89010989, 0.91208791, 0.92307692, 0.92307692, 0.92307692,
       0.93406593, 0.92307692, 0.94505495, 0.94505495, 0.92307692,
       0.92307692, 0.91208791, 0.91208791, 0.93406593, 0.91208791,
       0.94505495, 0.94505495, 0.95604396, 0.93406593, 0.92307692,
       0.93406593, 0.92307692, 0.92307692, 0.87912088, 0.9010989 ,
       0.92307692, 0.92307692, 0.9010989 , 0.94505495, 0.92307692,
       0.9010989 , 0.92307692, 0.94505495, 0.9010989 , 0.91208791,
       0.92307692, 0.92307692, 0.92307692, 0.93406593, 0.92307692,
       0.92307692, 0.94505495, 0.91208791, 0.92307692, 0.91208791,
       0.92307692, 0.92307692, 0.93406593, 0.91208791]), 'split8_test_score': array([0.89010989, 0.89010989, 0.89010989, 0.92307692, 0.9010989 ,
       0.9010989 , 0.9010989 , 0.89010989, 0.89010989, 0.93406593,
       0.9010989 , 0.92307692, 0.9010989 , 0.87912088, 0.9010989 ,
       0.9010989 , 0.92307692, 0.86813187, 0.89010989, 0.89010989,
       0.9010989 , 0.87912088, 0.89010989, 0.89010989, 0.9010989 ,
       0.91208791, 0.9010989 , 0.87912088, 0.91208791, 0.91208791,
       0.89010989, 0.9010989 , 0.92307692, 0.89010989, 0.89010989,
       0.89010989, 0.87912088, 0.9010989 , 0.92307692, 0.87912088,
       0.86813187, 0.91208791, 0.87912088, 0.9010989 , 0.93406593,
       0.93406593, 0.91208791, 0.91208791, 0.87912088, 0.9010989 ,
       0.92307692, 0.89010989, 0.9010989 , 0.87912088, 0.87912088,
       0.9010989 , 0.87912088, 0.9010989 , 0.86813187, 0.91208791,
       0.87912088, 0.9010989 , 0.92307692, 0.89010989, 0.86813187,
       0.86813187, 0.86813187, 0.87912088, 0.9010989 , 0.92307692,
       0.9010989 , 0.87912088, 0.91208791, 0.89010989, 0.92307692,
       0.87912088, 0.86813187, 0.9010989 , 0.91208791, 0.89010989,
       0.9010989 , 0.91208791, 0.86813187, 0.87912088, 0.89010989,
       0.89010989, 0.89010989, 0.89010989, 0.89010989, 0.91208791,
       0.92307692, 0.89010989, 0.9010989 , 0.89010989, 0.92307692,
       0.89010989, 0.9010989 , 0.87912088, 0.89010989]), 'split9_test_score': array([0.89010989, 0.9010989 , 0.92307692, 0.9010989 , 0.89010989,
       0.9010989 , 0.92307692, 0.87912088, 0.89010989, 0.91208791,
       0.9010989 , 0.9010989 , 0.89010989, 0.92307692, 0.91208791,
       0.89010989, 0.87912088, 0.91208791, 0.9010989 , 0.91208791,
       0.9010989 , 0.9010989 , 0.89010989, 0.92307692, 0.87912088,
       0.91208791, 0.9010989 , 0.91208791, 0.87912088, 0.9010989 ,
       0.91208791, 0.92307692, 0.87912088, 0.9010989 , 0.9010989 ,
       0.9010989 , 0.9010989 , 0.9010989 , 0.91208791, 0.9010989 ,
       0.91208791, 0.9010989 , 0.89010989, 0.89010989, 0.9010989 ,
       0.91208791, 0.9010989 , 0.9010989 , 0.89010989, 0.9010989 ,
       0.89010989, 0.9010989 , 0.9010989 , 0.91208791, 0.9010989 ,
       0.91208791, 0.91208791, 0.89010989, 0.9010989 , 0.9010989 ,
       0.91208791, 0.89010989, 0.91208791, 0.9010989 , 0.91208791,
       0.9010989 , 0.89010989, 0.9010989 , 0.91208791, 0.89010989,
       0.9010989 , 0.9010989 , 0.9010989 , 0.91208791, 0.89010989,
       0.89010989, 0.89010989, 0.9010989 , 0.89010989, 0.9010989 ,
       0.89010989, 0.91208791, 0.87912088, 0.87912088, 0.89010989,
       0.89010989, 0.9010989 , 0.91208791, 0.91208791, 0.89010989,
       0.9010989 , 0.89010989, 0.89010989, 0.89010989, 0.9010989 ,
       0.87912088, 0.9010989 , 0.87912088, 0.91208791]), 'mean_test_score': array([0.91758242, 0.91098901, 0.92857143, 0.92527473, 0.92637363,
       0.92307692, 0.92637363, 0.92087912, 0.92197802, 0.93076923,
       0.92197802, 0.92417582, 0.92087912, 0.92307692, 0.91428571,
       0.91758242, 0.91978022, 0.92197802, 0.92197802, 0.92417582,
       0.92417582, 0.92527473, 0.92307692, 0.92747253, 0.91978022,
       0.92747253, 0.91978022, 0.92197802, 0.91648352, 0.92197802,
       0.92307692, 0.92747253, 0.92417582, 0.92307692, 0.92197802,
       0.92747253, 0.92637363, 0.92417582, 0.92637363, 0.91318681,
       0.92307692, 0.91868132, 0.91978022, 0.92637363, 0.92857143,
       0.92967033, 0.92637363, 0.92197802, 0.91978022, 0.92307692,
       0.91978022, 0.92087912, 0.92527473, 0.91868132, 0.91868132,
       0.92307692, 0.92197802, 0.92527473, 0.92197802, 0.91978022,
       0.91978022, 0.91538462, 0.92087912, 0.92417582, 0.92307692,
       0.92087912, 0.92857143, 0.92527473, 0.92967033, 0.92307692,
       0.91978022, 0.92087912, 0.92747253, 0.92087912, 0.91868132,
       0.91868132, 0.91648352, 0.92307692, 0.92087912, 0.92087912,
       0.91868132, 0.92857143, 0.92197802, 0.92307692, 0.91868132,
       0.91648352, 0.91868132, 0.92417582, 0.91758242, 0.92527473,
       0.92307692, 0.92307692, 0.91758242, 0.91868132, 0.92307692,
       0.92307692, 0.92197802, 0.91868132, 0.92417582]), 'std_test_score': array([0.0256541 , 0.0232853 , 0.02469473, 0.02346611, 0.03031454,
       0.02553615, 0.02359441, 0.028991  , 0.03086719, 0.02144969,
       0.02621288, 0.02574808, 0.03021478, 0.02407572, 0.02591171,
       0.02702939, 0.02991353, 0.03626374, 0.03201935, 0.03047346,
       0.0232853 , 0.03215107, 0.02823128, 0.02915714, 0.02254757,
       0.02997403, 0.02307692, 0.02884485, 0.02700705, 0.02621288,
       0.02407572, 0.02700705, 0.02967033, 0.02989334, 0.02799503,
       0.02655614, 0.02950708, 0.02621288, 0.02254757, 0.02967033,
       0.02646504, 0.02609746, 0.02648785, 0.02555979, 0.03156353,
       0.02417582, 0.0307103 , 0.02621288, 0.02825266, 0.02553615,
       0.02738447, 0.03100382, 0.0254414 , 0.03230096, 0.02915714,
       0.02457218, 0.02799503, 0.02591171, 0.03276495, 0.02602795,
       0.02693989, 0.02602795, 0.02397519, 0.0292605 , 0.02823128,
       0.02940459, 0.0303941 , 0.0325245 , 0.02153398, 0.02691747,
       0.02738447, 0.03800355, 0.0295684 , 0.028991  , 0.02700705,
       0.03411907, 0.03037423, 0.02948661, 0.0254414 , 0.02637363,
       0.0295684 , 0.02369655, 0.03659522, 0.03184918, 0.02915714,
       0.02417582, 0.02655614, 0.0271186 , 0.02318134, 0.028991  ,
       0.0250588 , 0.03108162, 0.02612058, 0.03037423, 0.0250588 ,
       0.02823128, 0.02379825, 0.03192492, 0.03086719]), 'rank_test_score': array([89, 99,  4, 19, 13, 33, 13, 61, 49,  1, 49, 25, 61, 33, 97, 89, 70,
       49, 49, 25, 25, 19, 33,  8, 70,  8, 70, 49, 93, 49, 33,  8, 25, 33,
       49,  8, 13, 25, 13, 98, 33, 79, 70, 13,  4,  2, 13, 49, 70, 33, 70,
       61, 19, 79, 79, 33, 49, 19, 49, 70, 70, 96, 61, 25, 33, 61,  4, 19,
        2, 33, 70, 61,  8, 61, 79, 79, 93, 33, 61, 61, 79,  4, 49, 33, 79,
       93, 79, 25, 89, 19, 33, 33, 89, 79, 33, 33, 49, 79, 25],
      dtype=int32), 'split0_train_score': array([0.93956044, 0.94230769, 0.97252747, 0.98626374, 0.98901099,
       0.99450549, 1.        , 1.        , 1.        , 1.        ,
       1.        , 1.        , 1.        , 1.        , 1.        ,
       1.        , 1.        , 1.        , 1.        , 1.        ,
       1.        , 1.        , 1.        , 1.        , 1.        ,
       1.        , 1.        , 1.        , 1.        , 1.        ,
       1.        , 1.        , 1.        , 1.        , 1.        ,
       1.        , 1.        , 1.        , 1.        , 1.        ,
       1.        , 1.        , 1.        , 1.        , 1.        ,
       1.        , 1.        , 1.        , 1.        , 1.        ,
       1.        , 1.        , 1.        , 1.        , 1.        ,
       1.        , 1.        , 1.        , 1.        , 1.        ,
       1.        , 1.        , 1.        , 1.        , 1.        ,
       1.        , 1.        , 1.        , 1.        , 1.        ,
       1.        , 1.        , 1.        , 1.        , 1.        ,
       1.        , 1.        , 1.        , 1.        , 1.        ,
       1.        , 1.        , 1.        , 1.        , 1.        ,
       1.        , 1.        , 1.        , 1.        , 1.        ,
       1.        , 1.        , 1.        , 1.        , 1.        ,
       1.        , 1.        , 1.        , 1.        ]), 'split1_train_score': array([0.92582418, 0.92857143, 0.96428571, 0.97252747, 0.98626374,
       0.99450549, 0.99725275, 1.        , 1.        , 1.        ,
       1.        , 1.        , 1.        , 1.        , 1.        ,
       1.        , 1.        , 1.        , 1.        , 1.        ,
       1.        , 1.        , 1.        , 1.        , 1.        ,
       1.        , 1.        , 1.        , 1.        , 1.        ,
       1.        , 1.        , 1.        , 1.        , 1.        ,
       1.        , 1.        , 1.        , 1.        , 1.        ,
       1.        , 1.        , 1.        , 1.        , 1.        ,
       1.        , 1.        , 1.        , 1.        , 1.        ,
       1.        , 1.        , 1.        , 1.        , 1.        ,
       1.        , 1.        , 1.        , 1.        , 1.        ,
       1.        , 1.        , 1.        , 1.        , 1.        ,
       1.        , 1.        , 1.        , 1.        , 1.        ,
       1.        , 1.        , 1.        , 1.        , 1.        ,
       1.        , 1.        , 1.        , 1.        , 1.        ,
       1.        , 1.        , 1.        , 1.        , 1.        ,
       1.        , 1.        , 1.        , 1.        , 1.        ,
       1.        , 1.        , 1.        , 1.        , 1.        ,
       1.        , 1.        , 1.        , 1.        ]), 'split2_train_score': array([0.92857143, 0.93131868, 0.96978022, 0.98626374, 0.98626374,
       0.99725275, 1.        , 1.        , 1.        , 1.        ,
       1.        , 1.        , 1.        , 1.        , 1.        ,
       1.        , 1.        , 1.        , 1.        , 1.        ,
       1.        , 1.        , 1.        , 1.        , 1.        ,
       1.        , 1.        , 1.        , 1.        , 1.        ,
       1.        , 1.        , 1.        , 1.        , 1.        ,
       1.        , 1.        , 1.        , 1.        , 1.        ,
       1.        , 1.        , 1.        , 1.        , 1.        ,
       1.        , 1.        , 1.        , 1.        , 1.        ,
       1.        , 1.        , 1.        , 1.        , 1.        ,
       1.        , 1.        , 1.        , 1.        , 1.        ,
       1.        , 1.        , 1.        , 1.        , 1.        ,
       1.        , 1.        , 1.        , 1.        , 1.        ,
       1.        , 1.        , 1.        , 1.        , 1.        ,
       1.        , 1.        , 1.        , 1.        , 1.        ,
       1.        , 1.        , 1.        , 1.        , 1.        ,
       1.        , 1.        , 1.        , 1.        , 1.        ,
       1.        , 1.        , 1.        , 1.        , 1.        ,
       1.        , 1.        , 1.        , 1.        ]), 'split3_train_score': array([0.92857143, 0.93406593, 0.96703297, 0.98076923, 0.98351648,
       0.98901099, 0.99725275, 1.        , 1.        , 1.        ,
       1.        , 1.        , 1.        , 1.        , 1.        ,
       1.        , 1.        , 1.        , 1.        , 1.        ,
       1.        , 1.        , 1.        , 1.        , 1.        ,
       1.        , 1.        , 1.        , 1.        , 1.        ,
       1.        , 1.        , 1.        , 1.        , 1.        ,
       1.        , 1.        , 1.        , 1.        , 1.        ,
       1.        , 1.        , 1.        , 1.        , 1.        ,
       1.        , 1.        , 1.        , 1.        , 1.        ,
       1.        , 1.        , 1.        , 1.        , 1.        ,
       1.        , 1.        , 1.        , 1.        , 1.        ,
       1.        , 1.        , 1.        , 1.        , 1.        ,
       1.        , 1.        , 1.        , 1.        , 1.        ,
       1.        , 1.        , 1.        , 1.        , 1.        ,
       1.        , 1.        , 1.        , 1.        , 1.        ,
       1.        , 1.        , 1.        , 1.        , 1.        ,
       1.        , 1.        , 1.        , 1.        , 1.        ,
       1.        , 1.        , 1.        , 1.        , 1.        ,
       1.        , 1.        , 1.        , 1.        ]), 'split4_train_score': array([0.94230769, 0.94230769, 0.97802198, 0.98351648, 0.99450549,
       0.99725275, 0.99725275, 1.        , 1.        , 1.        ,
       1.        , 1.        , 1.        , 1.        , 1.        ,
       1.        , 1.        , 1.        , 1.        , 1.        ,
       1.        , 1.        , 1.        , 1.        , 1.        ,
       1.        , 1.        , 1.        , 1.        , 1.        ,
       1.        , 1.        , 1.        , 1.        , 1.        ,
       1.        , 1.        , 1.        , 1.        , 1.        ,
       1.        , 1.        , 1.        , 1.        , 1.        ,
       1.        , 1.        , 1.        , 1.        , 1.        ,
       1.        , 1.        , 1.        , 1.        , 1.        ,
       1.        , 1.        , 1.        , 1.        , 1.        ,
       1.        , 1.        , 1.        , 1.        , 1.        ,
       1.        , 1.        , 1.        , 1.        , 1.        ,
       1.        , 1.        , 1.        , 1.        , 1.        ,
       1.        , 1.        , 1.        , 1.        , 1.        ,
       1.        , 1.        , 1.        , 1.        , 1.        ,
       1.        , 1.        , 1.        , 1.        , 1.        ,
       1.        , 1.        , 1.        , 1.        , 1.        ,
       1.        , 1.        , 1.        , 1.        ]), 'split5_train_score': array([0.93681319, 0.93956044, 0.97527473, 0.98901099, 0.98901099,
       0.99450549, 0.99450549, 1.        , 1.        , 1.        ,
       1.        , 1.        , 1.        , 1.        , 1.        ,
       1.        , 1.        , 1.        , 1.        , 1.        ,
       1.        , 1.        , 1.        , 1.        , 1.        ,
       1.        , 1.        , 1.        , 1.        , 1.        ,
       1.        , 1.        , 1.        , 1.        , 1.        ,
       1.        , 1.        , 1.        , 1.        , 1.        ,
       1.        , 1.        , 1.        , 1.        , 1.        ,
       1.        , 1.        , 1.        , 1.        , 1.        ,
       1.        , 1.        , 1.        , 1.        , 1.        ,
       1.        , 1.        , 1.        , 1.        , 1.        ,
       1.        , 1.        , 1.        , 1.        , 1.        ,
       1.        , 1.        , 1.        , 1.        , 1.        ,
       1.        , 1.        , 1.        , 1.        , 1.        ,
       1.        , 1.        , 1.        , 1.        , 1.        ,
       1.        , 1.        , 1.        , 1.        , 1.        ,
       1.        , 1.        , 1.        , 1.        , 1.        ,
       1.        , 1.        , 1.        , 1.        , 1.        ,
       1.        , 1.        , 1.        , 1.        ]), 'split6_train_score': array([0.92307692, 0.92582418, 0.96978022, 0.97802198, 0.98901099,
       0.99175824, 0.99725275, 1.        , 1.        , 1.        ,
       1.        , 1.        , 1.        , 1.        , 1.        ,
       1.        , 1.        , 1.        , 1.        , 1.        ,
       1.        , 1.        , 1.        , 1.        , 1.        ,
       1.        , 1.        , 1.        , 1.        , 1.        ,
       1.        , 1.        , 1.        , 1.        , 1.        ,
       1.        , 1.        , 1.        , 1.        , 1.        ,
       1.        , 1.        , 1.        , 1.        , 1.        ,
       1.        , 1.        , 1.        , 1.        , 1.        ,
       1.        , 1.        , 1.        , 1.        , 1.        ,
       1.        , 1.        , 1.        , 1.        , 1.        ,
       1.        , 1.        , 1.        , 1.        , 1.        ,
       1.        , 1.        , 1.        , 1.        , 1.        ,
       1.        , 1.        , 1.        , 1.        , 1.        ,
       1.        , 1.        , 1.        , 1.        , 1.        ,
       1.        , 1.        , 1.        , 1.        , 1.        ,
       1.        , 1.        , 1.        , 1.        , 1.        ,
       1.        , 1.        , 1.        , 1.        , 1.        ,
       1.        , 1.        , 1.        , 1.        ]), 'split7_train_score': array([0.92857143, 0.93131868, 0.96428571, 0.96978022, 0.97802198,
       0.98351648, 0.99450549, 0.99725275, 1.        , 1.        ,
       1.        , 1.        , 1.        , 1.        , 1.        ,
       1.        , 1.        , 1.        , 1.        , 1.        ,
       1.        , 1.        , 1.        , 1.        , 1.        ,
       1.        , 1.        , 1.        , 1.        , 1.        ,
       1.        , 1.        , 1.        , 1.        , 1.        ,
       1.        , 1.        , 1.        , 1.        , 1.        ,
       1.        , 1.        , 1.        , 1.        , 1.        ,
       1.        , 1.        , 1.        , 1.        , 1.        ,
       1.        , 1.        , 1.        , 1.        , 1.        ,
       1.        , 1.        , 1.        , 1.        , 1.        ,
       1.        , 1.        , 1.        , 1.        , 1.        ,
       1.        , 1.        , 1.        , 1.        , 1.        ,
       1.        , 1.        , 1.        , 1.        , 1.        ,
       1.        , 1.        , 1.        , 1.        , 1.        ,
       1.        , 1.        , 1.        , 1.        , 1.        ,
       1.        , 1.        , 1.        , 1.        , 1.        ,
       1.        , 1.        , 1.        , 1.        , 1.        ,
       1.        , 1.        , 1.        , 1.        ]), 'split8_train_score': array([0.94230769, 0.94230769, 0.97527473, 0.98626374, 0.98901099,
       0.99175824, 0.99450549, 0.99725275, 1.        , 1.        ,
       1.        , 1.        , 1.        , 1.        , 1.        ,
       1.        , 1.        , 1.        , 1.        , 1.        ,
       1.        , 1.        , 1.        , 1.        , 1.        ,
       1.        , 1.        , 1.        , 1.        , 1.        ,
       1.        , 1.        , 1.        , 1.        , 1.        ,
       1.        , 1.        , 1.        , 1.        , 1.        ,
       1.        , 1.        , 1.        , 1.        , 1.        ,
       1.        , 1.        , 1.        , 1.        , 1.        ,
       1.        , 1.        , 1.        , 1.        , 1.        ,
       1.        , 1.        , 1.        , 1.        , 1.        ,
       1.        , 1.        , 1.        , 1.        , 1.        ,
       1.        , 1.        , 1.        , 1.        , 1.        ,
       1.        , 1.        , 1.        , 1.        , 1.        ,
       1.        , 1.        , 1.        , 1.        , 1.        ,
       1.        , 1.        , 1.        , 1.        , 1.        ,
       1.        , 1.        , 1.        , 1.        , 1.        ,
       1.        , 1.        , 1.        , 1.        , 1.        ,
       1.        , 1.        , 1.        , 1.        ]), 'split9_train_score': array([0.94230769, 0.94505495, 0.96428571, 0.97802198, 0.98901099,
       0.99175824, 0.99175824, 0.99725275, 1.        , 1.        ,
       1.        , 1.        , 1.        , 1.        , 1.        ,
       1.        , 1.        , 1.        , 1.        , 1.        ,
       1.        , 1.        , 1.        , 1.        , 1.        ,
       1.        , 1.        , 1.        , 1.        , 1.        ,
       1.        , 1.        , 1.        , 1.        , 1.        ,
       1.        , 1.        , 1.        , 1.        , 1.        ,
       1.        , 1.        , 1.        , 1.        , 1.        ,
       1.        , 1.        , 1.        , 1.        , 1.        ,
       1.        , 1.        , 1.        , 1.        , 1.        ,
       1.        , 1.        , 1.        , 1.        , 1.        ,
       1.        , 1.        , 1.        , 1.        , 1.        ,
       1.        , 1.        , 1.        , 1.        , 1.        ,
       1.        , 1.        , 1.        , 1.        , 1.        ,
       1.        , 1.        , 1.        , 1.        , 1.        ,
       1.        , 1.        , 1.        , 1.        , 1.        ,
       1.        , 1.        , 1.        , 1.        , 1.        ,
       1.        , 1.        , 1.        , 1.        , 1.        ,
       1.        , 1.        , 1.        , 1.        ]), 'mean_train_score': array([0.93379121, 0.93626374, 0.97005495, 0.98104396, 0.98736264,
       0.99258242, 0.99642857, 0.99917582, 1.        , 1.        ,
       1.        , 1.        , 1.        , 1.        , 1.        ,
       1.        , 1.        , 1.        , 1.        , 1.        ,
       1.        , 1.        , 1.        , 1.        , 1.        ,
       1.        , 1.        , 1.        , 1.        , 1.        ,
       1.        , 1.        , 1.        , 1.        , 1.        ,
       1.        , 1.        , 1.        , 1.        , 1.        ,
       1.        , 1.        , 1.        , 1.        , 1.        ,
       1.        , 1.        , 1.        , 1.        , 1.        ,
       1.        , 1.        , 1.        , 1.        , 1.        ,
       1.        , 1.        , 1.        , 1.        , 1.        ,
       1.        , 1.        , 1.        , 1.        , 1.        ,
       1.        , 1.        , 1.        , 1.        , 1.        ,
       1.        , 1.        , 1.        , 1.        , 1.        ,
       1.        , 1.        , 1.        , 1.        , 1.        ,
       1.        , 1.        , 1.        , 1.        , 1.        ,
       1.        , 1.        , 1.        , 1.        , 1.        ,
       1.        , 1.        , 1.        , 1.        , 1.        ,
       1.        , 1.        , 1.        , 1.        ]), 'std_train_score': array([0.00721121, 0.00647793, 0.00482923, 0.00607509, 0.00411171,
       0.0038949 , 0.00247253, 0.00125895, 0.        , 0.        ,
       0.        , 0.        , 0.        , 0.        , 0.        ,
       0.        , 0.        , 0.        , 0.        , 0.        ,
       0.        , 0.        , 0.        , 0.        , 0.        ,
       0.        , 0.        , 0.        , 0.        , 0.        ,
       0.        , 0.        , 0.        , 0.        , 0.        ,
       0.        , 0.        , 0.        , 0.        , 0.        ,
       0.        , 0.        , 0.        , 0.        , 0.        ,
       0.        , 0.        , 0.        , 0.        , 0.        ,
       0.        , 0.        , 0.        , 0.        , 0.        ,
       0.        , 0.        , 0.        , 0.        , 0.        ,
       0.        , 0.        , 0.        , 0.        , 0.        ,
       0.        , 0.        , 0.        , 0.        , 0.        ,
       0.        , 0.        , 0.        , 0.        , 0.        ,
       0.        , 0.        , 0.        , 0.        , 0.        ,
       0.        , 0.        , 0.        , 0.        , 0.        ,
       0.        , 0.        , 0.        , 0.        , 0.        ,
       0.        , 0.        , 0.        , 0.        , 0.        ,
       0.        , 0.        , 0.        , 0.        ])}

Feature Importance: [0.00474215 0.06911782 0.00632287 0.05357383 0.         0.
 0.         0.         0.         0.         0.         0.00151149
 0.         0.02541267 0.         0.         0.         0.
 0.         0.         0.02371076 0.01075972 0.05463664 0.74105885
 0.         0.0091532  0.         0.         0.         0.        ]

Score: 0.9035087719298246

Training Accuracy: 1.0

Cross Validation Accuracy: 0.9231684981684982

Testing Accuracy: 0.9035087719298246

Total Time Taken: 0:00:02.616391