KNN with Balance Scale Dataset

Optimal Number of Estimators: 12

Grid Scores:

{'mean_fit_time': array([0.00251327, 0.00051668, 0.00050144, 0.00047998, 0.00043933,
       0.00046942, 0.00041921, 0.00042431, 0.00042069, 0.00040627,
       0.00043335, 0.00041876, 0.00052938, 0.00045092, 0.00049639,
       0.00048287, 0.00049496, 0.00043209, 0.00042832, 0.00042803]), 'std_fit_time': array([6.09888569e-03, 1.28680382e-04, 1.24879537e-04, 5.07882836e-05,
       1.69425047e-05, 7.91967846e-05, 3.74396203e-05, 2.66052167e-05,
       2.77118397e-05, 1.79106156e-05, 2.95973788e-05, 2.36669803e-05,
       1.39454294e-04, 4.64442880e-05, 1.32191568e-04, 1.11799912e-04,
       7.61456837e-05, 2.68849167e-05, 1.23836593e-05, 2.87030720e-05]), 'mean_score_time': array([0.00095916, 0.00092955, 0.00089183, 0.00093803, 0.0010623 ,
       0.00103431, 0.00093505, 0.00098391, 0.00096385, 0.001018  ,
       0.00104856, 0.00103037, 0.00129271, 0.00122688, 0.00120428,
       0.00121071, 0.00126112, 0.00115478, 0.00120852, 0.0011801 ]), 'std_score_time': array([1.83550070e-04, 1.12781050e-04, 5.18472653e-05, 7.00644991e-05,
       1.81018156e-04, 2.36981563e-04, 4.06061838e-05, 1.04796495e-04,
       5.84741239e-05, 6.55086274e-05, 1.02407482e-04, 4.32408821e-05,
       3.65798393e-04, 2.31868741e-04, 1.10528470e-04, 9.95182939e-05,
       2.00770083e-04, 6.11201501e-05, 1.31397298e-04, 5.28363813e-05]), 'param_n_neighbors': masked_array(data=[1, 2, 3, 4, 5, 6, 7, 8, 9, 10, 11, 12, 13, 14, 15, 16,
                   17, 18, 19, 20],
             mask=[False, False, False, False, False, False, False, False,
                   False, False, False, False, False, False, False, False,
                   False, False, False, False],
       fill_value='?',
            dtype=object), 'params': [{'n_neighbors': 1}, {'n_neighbors': 2}, {'n_neighbors': 3}, {'n_neighbors': 4}, {'n_neighbors': 5}, {'n_neighbors': 6}, {'n_neighbors': 7}, {'n_neighbors': 8}, {'n_neighbors': 9}, {'n_neighbors': 10}, {'n_neighbors': 11}, {'n_neighbors': 12}, {'n_neighbors': 13}, {'n_neighbors': 14}, {'n_neighbors': 15}, {'n_neighbors': 16}, {'n_neighbors': 17}, {'n_neighbors': 18}, {'n_neighbors': 19}, {'n_neighbors': 20}], 'split0_test_score': array([0.84, 0.82, 0.85, 0.82, 0.86, 0.87, 0.87, 0.87, 0.88, 0.91, 0.91,
       0.92, 0.9 , 0.91, 0.91, 0.91, 0.9 , 0.91, 0.92, 0.92]), 'split1_test_score': array([0.8 , 0.81, 0.85, 0.88, 0.9 , 0.9 , 0.91, 0.88, 0.89, 0.9 , 0.89,
       0.91, 0.9 , 0.9 , 0.91, 0.9 , 0.9 , 0.89, 0.89, 0.9 ]), 'split2_test_score': array([0.82, 0.83, 0.85, 0.86, 0.87, 0.86, 0.88, 0.88, 0.87, 0.88, 0.88,
       0.88, 0.88, 0.87, 0.87, 0.88, 0.88, 0.88, 0.88, 0.87]), 'split3_test_score': array([0.8 , 0.82, 0.86, 0.86, 0.86, 0.87, 0.87, 0.87, 0.86, 0.89, 0.89,
       0.88, 0.89, 0.88, 0.89, 0.88, 0.88, 0.89, 0.89, 0.89]), 'split4_test_score': array([0.87, 0.85, 0.86, 0.89, 0.89, 0.89, 0.91, 0.9 , 0.91, 0.92, 0.91,
       0.93, 0.93, 0.93, 0.93, 0.93, 0.92, 0.92, 0.92, 0.92]), 'split5_test_score': array([0.82, 0.84, 0.89, 0.87, 0.89, 0.93, 0.91, 0.91, 0.94, 0.93, 0.92,
       0.92, 0.91, 0.92, 0.91, 0.91, 0.91, 0.92, 0.92, 0.92]), 'split6_test_score': array([0.83, 0.81, 0.84, 0.85, 0.87, 0.89, 0.9 , 0.91, 0.92, 0.91, 0.9 ,
       0.92, 0.92, 0.92, 0.92, 0.91, 0.91, 0.91, 0.91, 0.91]), 'split7_test_score': array([0.8 , 0.79, 0.84, 0.85, 0.87, 0.88, 0.9 , 0.89, 0.9 , 0.91, 0.91,
       0.92, 0.91, 0.91, 0.93, 0.92, 0.92, 0.93, 0.92, 0.93]), 'split8_test_score': array([0.84, 0.81, 0.86, 0.85, 0.87, 0.88, 0.9 , 0.9 , 0.9 , 0.9 , 0.91,
       0.91, 0.91, 0.9 , 0.9 , 0.9 , 0.89, 0.89, 0.89, 0.88]), 'split9_test_score': array([0.83, 0.83, 0.89, 0.88, 0.9 , 0.91, 0.91, 0.91, 0.93, 0.92, 0.93,
       0.92, 0.94, 0.94, 0.94, 0.94, 0.94, 0.94, 0.94, 0.94]), 'mean_test_score': array([0.825, 0.821, 0.859, 0.861, 0.878, 0.888, 0.896, 0.892, 0.9  ,
       0.907, 0.905, 0.911, 0.909, 0.908, 0.911, 0.908, 0.905, 0.908,
       0.908, 0.908]), 'std_test_score': array([0.02109502, 0.01640122, 0.017     , 0.01920937, 0.01469694,
       0.01989975, 0.0156205 , 0.01536229, 0.0244949 , 0.01417745,
       0.01431782, 0.01640122, 0.017     , 0.02039608, 0.01972308,
       0.0183303 , 0.01802776, 0.01886796, 0.0183303 , 0.02135416]), 'rank_test_score': array([19, 20, 18, 17, 16, 15, 13, 14, 12,  9, 10,  1,  3,  4,  1,  4, 10,
        4,  4,  4], dtype=int32), 'split0_train_score': array([1.    , 0.92  , 0.9125, 0.9   , 0.8975, 0.8975, 0.905 , 0.905 ,
       0.905 , 0.91  , 0.8975, 0.905 , 0.9075, 0.9   , 0.8975, 0.9025,
       0.9025, 0.9   , 0.9   , 0.9   ]), 'split1_train_score': array([1.    , 0.91  , 0.8975, 0.8975, 0.9075, 0.915 , 0.905 , 0.9075,
       0.8925, 0.905 , 0.9025, 0.9   , 0.8925, 0.9   , 0.9025, 0.9   ,
       0.905 , 0.9075, 0.9   , 0.905 ]), 'split2_train_score': array([1.    , 0.9   , 0.9125, 0.9   , 0.91  , 0.9075, 0.915 , 0.91  ,
       0.91  , 0.91  , 0.9125, 0.915 , 0.915 , 0.9075, 0.9075, 0.91  ,
       0.91  , 0.9175, 0.9075, 0.905 ]), 'split3_train_score': array([1.    , 0.8875, 0.8975, 0.895 , 0.91  , 0.915 , 0.9175, 0.915 ,
       0.905 , 0.9075, 0.9   , 0.91  , 0.9075, 0.91  , 0.9075, 0.91  ,
       0.9075, 0.91  , 0.905 , 0.905 ]), 'split4_train_score': array([1.    , 0.89  , 0.8725, 0.865 , 0.8675, 0.8775, 0.8925, 0.89  ,
       0.8925, 0.8975, 0.8925, 0.8925, 0.8875, 0.89  , 0.8925, 0.8875,
       0.8925, 0.895 , 0.895 , 0.895 ]), 'split5_train_score': array([1.    , 0.8975, 0.875 , 0.855 , 0.8825, 0.8875, 0.8875, 0.905 ,
       0.8875, 0.8925, 0.89  , 0.8975, 0.895 , 0.8975, 0.8925, 0.895 ,
       0.8925, 0.8975, 0.895 , 0.895 ]), 'split6_train_score': array([1.    , 0.8975, 0.8825, 0.8775, 0.8775, 0.8975, 0.885 , 0.8925,
       0.9025, 0.8975, 0.905 , 0.895 , 0.9025, 0.9025, 0.895 , 0.9   ,
       0.895 , 0.9025, 0.8975, 0.8975]), 'split7_train_score': array([1.    , 0.8825, 0.89  , 0.8925, 0.9   , 0.9025, 0.9025, 0.9025,
       0.9075, 0.9   , 0.895 , 0.905 , 0.9075, 0.9075, 0.9   , 0.9025,
       0.9   , 0.9   , 0.9   , 0.8975]), 'split8_train_score': array([1.    , 0.925 , 0.8975, 0.89  , 0.915 , 0.915 , 0.9   , 0.9125,
       0.905 , 0.8975, 0.91  , 0.9025, 0.905 , 0.905 , 0.9025, 0.905 ,
       0.905 , 0.91  , 0.9025, 0.9075]), 'split9_train_score': array([1.    , 0.8875, 0.9   , 0.8875, 0.895 , 0.91  , 0.895 , 0.9   ,
       0.88  , 0.8925, 0.895 , 0.8925, 0.89  , 0.8925, 0.8925, 0.895 ,
       0.895 , 0.8975, 0.9   , 0.905 ]), 'mean_train_score': array([1.     , 0.89975, 0.89375, 0.886  , 0.89625, 0.9025 , 0.9005 ,
       0.904  , 0.89875, 0.901  , 0.9    , 0.9015 , 0.901  , 0.90125,
       0.899  , 0.90075, 0.9005 , 0.90375, 0.90025, 0.90125]), 'std_train_score': array([0.        , 0.01362213, 0.01314582, 0.01462874, 0.01496872,
       0.01204159, 0.01023474, 0.00768115, 0.00943729, 0.00634429,
       0.00707107, 0.00708872, 0.00867468, 0.00625   , 0.00561249,
       0.0066191 , 0.00610328, 0.00682367, 0.00378319, 0.00450694])}

Training Accuracy: 0.902

Cross Validation Accuracy: 0.8899745286242352

Testing Accuracy: 0.848

Total Time Taken: 0:00:00.887847