KNN with Breast Cancer Dataset

Optimal Number of Estimators: 7Grid Scores:

{'mean_fit_time': array([0.00374026, 0.0005079 , 0.00050325, 0.0004164 , 0.00049341,
       0.0004277 , 0.00041726, 0.00051877, 0.0004673 , 0.00043383,
       0.00045762, 0.00046775, 0.00045679, 0.00049548, 0.00043411,
       0.00050938, 0.00044377, 0.00045338, 0.00042233, 0.00050728]), 'std_fit_time': array([9.88669184e-03, 1.13045814e-04, 9.91287455e-05, 1.29539421e-05,
       1.38820525e-04, 2.38615074e-05, 1.61898153e-05, 1.19721526e-04,
       8.03928924e-05, 5.18602008e-05, 7.92621266e-05, 8.63157876e-05,
       5.83296255e-05, 7.06042557e-05, 3.34233257e-05, 1.61785945e-04,
       6.10116871e-05, 5.48648967e-05, 1.44187861e-05, 1.02112261e-04]), 'mean_score_time': array([0.00200377, 0.00118089, 0.00112402, 0.00100162, 0.0011343 ,
       0.00106344, 0.00105042, 0.00127196, 0.00115986, 0.00123274,
       0.00118244, 0.00122395, 0.00128565, 0.00132368, 0.00116615,
       0.00129786, 0.00123792, 0.00133574, 0.00118778, 0.00141916]), 'std_score_time': array([3.15518177e-03, 2.45031857e-04, 1.74772731e-04, 3.72472778e-05,
       1.85604177e-04, 6.12639446e-05, 3.50617685e-05, 2.45746092e-04,
       1.54921993e-04, 3.82261278e-04, 1.93244612e-04, 1.95012792e-04,
       1.97086846e-04, 1.83089898e-04, 4.55723627e-05, 1.78881130e-04,
       1.03905476e-04, 2.32324299e-04, 2.29205583e-05, 3.20341712e-04]), 'param_n_neighbors': masked_array(data=[1, 2, 3, 4, 5, 6, 7, 8, 9, 10, 11, 12, 13, 14, 15, 16,
                   17, 18, 19, 20],
             mask=[False, False, False, False, False, False, False, False,
                   False, False, False, False, False, False, False, False,
                   False, False, False, False],
       fill_value='?',
            dtype=object), 'params': [{'n_neighbors': 1}, {'n_neighbors': 2}, {'n_neighbors': 3}, {'n_neighbors': 4}, {'n_neighbors': 5}, {'n_neighbors': 6}, {'n_neighbors': 7}, {'n_neighbors': 8}, {'n_neighbors': 9}, {'n_neighbors': 10}, {'n_neighbors': 11}, {'n_neighbors': 12}, {'n_neighbors': 13}, {'n_neighbors': 14}, {'n_neighbors': 15}, {'n_neighbors': 16}, {'n_neighbors': 17}, {'n_neighbors': 18}, {'n_neighbors': 19}, {'n_neighbors': 20}], 'split0_test_score': array([0.9010989 , 0.87912088, 0.9010989 , 0.89010989, 0.9010989 ,
       0.9010989 , 0.9010989 , 0.9010989 , 0.87912088, 0.87912088,
       0.86813187, 0.86813187, 0.86813187, 0.86813187, 0.86813187,
       0.86813187, 0.86813187, 0.86813187, 0.86813187, 0.86813187]), 'split1_test_score': array([0.9010989 , 0.9010989 , 0.92307692, 0.91208791, 0.93406593,
       0.92307692, 0.92307692, 0.93406593, 0.92307692, 0.93406593,
       0.91208791, 0.92307692, 0.92307692, 0.92307692, 0.9010989 ,
       0.91208791, 0.91208791, 0.91208791, 0.91208791, 0.91208791]), 'split2_test_score': array([0.92307692, 0.89010989, 0.93406593, 0.92307692, 0.95604396,
       0.94505495, 0.97802198, 0.96703297, 0.97802198, 0.97802198,
       0.97802198, 0.97802198, 0.97802198, 0.97802198, 0.97802198,
       0.97802198, 0.96703297, 0.96703297, 0.96703297, 0.96703297]), 'split3_test_score': array([0.9010989 , 0.86813187, 0.9010989 , 0.9010989 , 0.92307692,
       0.93406593, 0.94505495, 0.93406593, 0.94505495, 0.94505495,
       0.94505495, 0.94505495, 0.94505495, 0.94505495, 0.93406593,
       0.93406593, 0.92307692, 0.93406593, 0.93406593, 0.93406593]), 'split4_test_score': array([0.9010989 , 0.89010989, 0.92307692, 0.93406593, 0.95604396,
       0.93406593, 0.94505495, 0.94505495, 0.93406593, 0.95604396,
       0.96703297, 0.96703297, 0.95604396, 0.95604396, 0.94505495,
       0.94505495, 0.93406593, 0.93406593, 0.93406593, 0.93406593]), 'split5_test_score': array([0.91208791, 0.91208791, 0.94505495, 0.92307692, 0.9010989 ,
       0.9010989 , 0.91208791, 0.9010989 , 0.91208791, 0.9010989 ,
       0.9010989 , 0.9010989 , 0.9010989 , 0.9010989 , 0.91208791,
       0.91208791, 0.9010989 , 0.91208791, 0.91208791, 0.91208791]), 'split6_test_score': array([0.95604396, 0.94505495, 0.96703297, 0.96703297, 0.96703297,
       0.96703297, 0.96703297, 0.96703297, 0.96703297, 0.96703297,
       0.95604396, 0.96703297, 0.96703297, 0.96703297, 0.95604396,
       0.95604396, 0.95604396, 0.95604396, 0.94505495, 0.94505495]), 'split7_test_score': array([0.92307692, 0.89010989, 0.91208791, 0.9010989 , 0.92307692,
       0.91208791, 0.91208791, 0.91208791, 0.9010989 , 0.91208791,
       0.9010989 , 0.9010989 , 0.89010989, 0.89010989, 0.89010989,
       0.89010989, 0.87912088, 0.87912088, 0.87912088, 0.87912088]), 'split8_test_score': array([0.95604396, 0.9010989 , 0.95604396, 0.91208791, 0.94505495,
       0.93406593, 0.95604396, 0.96703297, 0.94505495, 0.95604396,
       0.94505495, 0.95604396, 0.95604396, 0.95604396, 0.94505495,
       0.94505495, 0.93406593, 0.93406593, 0.93406593, 0.93406593]), 'split9_test_score': array([0.94505495, 0.91208791, 0.92307692, 0.92307692, 0.91208791,
       0.91208791, 0.93406593, 0.92307692, 0.93406593, 0.93406593,
       0.93406593, 0.93406593, 0.92307692, 0.92307692, 0.92307692,
       0.92307692, 0.92307692, 0.92307692, 0.92307692, 0.92307692]), 'mean_test_score': array([0.92197802, 0.8989011 , 0.92857143, 0.91868132, 0.93186813,
       0.92637363, 0.93736264, 0.93516484, 0.93186813, 0.93626374,
       0.93076923, 0.93406593, 0.93076923, 0.93076923, 0.92527473,
       0.92637363, 0.91978022, 0.92197802, 0.92087912, 0.92087912]), 'std_test_score': array([0.02167372, 0.02014319, 0.02099448, 0.02038158, 0.02241327,
       0.01968843, 0.02410078, 0.02479234, 0.0281456 , 0.02940459,
       0.03261719, 0.03369167, 0.03406593, 0.03406593, 0.03139089,
       0.0307103 , 0.02950708, 0.0292605 , 0.0281456 , 0.0281456 ]), 'rank_test_score': array([14, 20, 10, 19,  5, 11,  1,  3,  5,  2,  7,  4,  7,  7, 13, 11, 18,
       14, 16, 16], dtype=int32), 'split0_train_score': array([1.        , 0.96153846, 0.96703297, 0.95879121, 0.9478022 ,
       0.95054945, 0.93956044, 0.94230769, 0.94230769, 0.93956044,
       0.93681319, 0.93406593, 0.94230769, 0.94230769, 0.93681319,
       0.93681319, 0.93406593, 0.93406593, 0.93406593, 0.93406593]), 'split1_train_score': array([1.        , 0.96703297, 0.95604396, 0.94230769, 0.94230769,
       0.94230769, 0.94230769, 0.94505495, 0.93681319, 0.93956044,
       0.93131868, 0.93131868, 0.92857143, 0.92857143, 0.93406593,
       0.93131868, 0.93406593, 0.93406593, 0.93131868, 0.93131868]), 'split2_train_score': array([1.        , 0.96978022, 0.9478022 , 0.93406593, 0.93406593,
       0.92582418, 0.93131868, 0.93131868, 0.92307692, 0.92032967,
       0.92307692, 0.92307692, 0.92032967, 0.92032967, 0.91483516,
       0.91758242, 0.91483516, 0.92307692, 0.92032967, 0.92032967]), 'split3_train_score': array([1.        , 0.96428571, 0.95604396, 0.95054945, 0.94505495,
       0.93681319, 0.93406593, 0.93406593, 0.93406593, 0.94230769,
       0.93681319, 0.93406593, 0.92307692, 0.92857143, 0.92582418,
       0.92857143, 0.93131868, 0.93131868, 0.92582418, 0.92857143]), 'split4_train_score': array([1.        , 0.96703297, 0.95604396, 0.94505495, 0.94230769,
       0.93406593, 0.93681319, 0.93131868, 0.93406593, 0.93131868,
       0.92582418, 0.92307692, 0.92582418, 0.92582418, 0.92857143,
       0.92857143, 0.92032967, 0.92307692, 0.92032967, 0.92032967]), 'split5_train_score': array([1.        , 0.96978022, 0.95054945, 0.9478022 , 0.93956044,
       0.94505495, 0.94230769, 0.94505495, 0.94230769, 0.94505495,
       0.93681319, 0.93956044, 0.93131868, 0.93131868, 0.92857143,
       0.93406593, 0.93131868, 0.93131868, 0.93131868, 0.93131868]), 'split6_train_score': array([1.        , 0.96703297, 0.95054945, 0.94230769, 0.93956044,
       0.92582418, 0.93406593, 0.92857143, 0.93131868, 0.93681319,
       0.93131868, 0.93131868, 0.92307692, 0.92582418, 0.92032967,
       0.92032967, 0.92032967, 0.92032967, 0.92307692, 0.92032967]), 'split7_train_score': array([1.        , 0.97527473, 0.95879121, 0.94230769, 0.94230769,
       0.9478022 , 0.94230769, 0.9478022 , 0.94230769, 0.94230769,
       0.93681319, 0.93681319, 0.93956044, 0.93956044, 0.93406593,
       0.93681319, 0.93956044, 0.94230769, 0.93956044, 0.93956044]), 'split8_train_score': array([1.        , 0.95604396, 0.9478022 , 0.93681319, 0.93406593,
       0.93406593, 0.93406593, 0.92857143, 0.93131868, 0.92857143,
       0.93131868, 0.93131868, 0.92582418, 0.92582418, 0.92307692,
       0.92307692, 0.92307692, 0.92582418, 0.92032967, 0.92307692]), 'split9_train_score': array([1.        , 0.95879121, 0.9532967 , 0.95054945, 0.95604396,
       0.94230769, 0.94505495, 0.9478022 , 0.93956044, 0.93956044,
       0.93956044, 0.93956044, 0.93681319, 0.93681319, 0.93131868,
       0.93406593, 0.92857143, 0.92857143, 0.93131868, 0.93131868]), 'mean_train_score': array([1.        , 0.96565934, 0.9543956 , 0.94505495, 0.94230769,
       0.93846154, 0.93818681, 0.93818681, 0.93571429, 0.93653846,
       0.93296703, 0.93241758, 0.92967033, 0.93049451, 0.92774725,
       0.92912088, 0.92774725, 0.9293956 , 0.92774725, 0.92802198]), 'std_train_score': array([0.        , 0.0053905 , 0.00552191, 0.0068406 , 0.00614304,
       0.00816817, 0.0044722 , 0.00769721, 0.00591776, 0.00721121,
       0.00509539, 0.00552191, 0.007185  , 0.00662196, 0.00650699,
       0.00647793, 0.00737677, 0.00627072, 0.00638995, 0.00636035])}

Training Accuracy: 0.9406593406593406

Cross Validation Accuracy: 0.938449050949051

Testing Accuracy: 0.9385964912280702

Total Time Taken: 0:00:01.147505